+2000001039.0ns 0 0 0
+2000501039.0ns 258816 258816 4.14106e+09
+2001001039.0ns 571256 312440 4.99904e+09
+2001501039.0ns 883696 312440 4.99904e+09
+2002001039.0ns 1196136 312440 4.99904e+09
+2002501039.0ns 1508556 312420 4.99872e+09
+2003001039.0ns 1819556 311000 4.976e+09
+2003501039.0ns 2131996 312440 4.99904e+09
+2004001039.0ns 2444436 312440 4.99904e+09
+2004501039.0ns 2756856 312420 4.99872e+09
+2005001039.0ns 3069296 312440 4.99904e+09
+2005501039.0ns 3381736 312440 4.99904e+09
+2006001039.0ns 3694176 312440 4.99904e+09
+2006501039.0ns 4005176 311000 4.976e+09
+2007001039.0ns 4317596 312420 4.99872e+09
+2007501039.0ns 4630036 312440 4.99904e+09
+2008001039.0ns 4942476 312440 4.99904e+09
+2008501039.0ns 5254916 312440 4.99904e+09
+2009001039.0ns 5567336 312420 4.99872e+09
+2009501039.0ns 5879776 312440 4.99904e+09
+2010001039.0ns 6190776 311000 4.976e+09
+2010501039.0ns 6503216 312440 4.99904e+09
+2011001039.0ns 6815636 312420 4.99872e+09
+2011501039.0ns 7128076 312440 4.99904e+09
+2012001039.0ns 7440516 312440 4.99904e+09
+2012501039.0ns 7752956 312440 4.99904e+09
+2013001039.0ns 8065376 312420 4.99872e+09
+2013501039.0ns 8376376 311000 4.976e+09
+2014001039.0ns 8688816 312440 4.99904e+09
+2014501039.0ns 9001256 312440 4.99904e+09
+2015001039.0ns 9313696 312440 4.99904e+09
+2015501039.0ns 9626116 312420 4.99872e+09
+2016001039.0ns 9938556 312440 4.99904e+09
+2016501039.0ns 10250996 312440 4.99904e+09
+2017001039.0ns 10561996 311000 4.976e+09
+2017501039.0ns 10874416 312420 4.99872e+09
+2018001039.0ns 11186856 312440 4.99904e+09
+2018501039.0ns 11499296 312440 4.99904e+09
+2019001039.0ns 11811736 312440 4.99904e+09
+2019501039.0ns 12124156 312420 4.99872e+09
+2020001039.0ns 12436596 312440 4.99904e+09
+2020501039.0ns 12747596 311000 4.976e+09
+2021001039.0ns 13060036 312440 4.99904e+09
+2021501039.0ns 13372476 312440 4.99904e+09
+2022001039.0ns 13684896 312420 4.99872e+09
+2022501039.0ns 13997336 312440 4.99904e+09
+2023001039.0ns 14309776 312440 4.99904e+09
+2023501039.0ns 14622216 312440 4.99904e+09
+2024001039.0ns 14933196 310980 4.97568e+09
+2024501039.0ns 15245636 312440 4.99904e+09
+2025001039.0ns 15558076 312440 4.99904e+09
+2025501039.0ns 15870516 312440 4.99904e+09
+2026001039.0ns 16182936 312420 4.99872e+09
+2026501039.0ns 16495376 312440 4.99904e+09
+2027001039.0ns 16807816 312440 4.99904e+09
+2027501039.0ns 17118816 311000 4.976e+09
+2028001039.0ns 17431236 312420 4.99872e+09
+2028501039.0ns 17743676 312440 4.99904e+09
+2029001039.0ns 18056116 312440 4.99904e+09
+2029501039.0ns 18368556 312440 4.99904e+09
+2030001039.0ns 18680996 312440 4.99904e+09
+2030501039.0ns 18993416 312420 4.99872e+09
+2031001039.0ns 19304416 311000 4.976e+09
+2031501039.0ns 19616856 312440 4.99904e+09
+2032001039.0ns 19929296 312440 4.99904e+09
+2032501039.0ns 20241716 312420 4.99872e+09
+2033001039.0ns 20554156 312440 4.99904e+09
+2033501039.0ns 20866596 312440 4.99904e+09
+2034001039.0ns 21179036 312440 4.99904e+09
+2034501039.0ns 21490016 310980 4.97568e+09
+2035001039.0ns 21802456 312440 4.99904e+09
+2035501039.0ns 22114896 312440 4.99904e+09
+2036001039.0ns 22427336 312440 4.99904e+09
+2036501039.0ns 22739776 312440 4.99904e+09
+2037001039.0ns 23052196 312420 4.99872e+09
+2037501039.0ns 23364636 312440 4.99904e+09
+2038001039.0ns 23675636 311000 4.976e+09
+2038501039.0ns 23988076 312440 4.99904e+09
+2039001039.0ns 24300496 312420 4.99872e+09
+2039501039.0ns 24612936 312440 4.99904e+09
+2040001039.0ns 24925376 312440 4.99904e+09
+2040501039.0ns 25237816 312440 4.99904e+09
+2041001039.0ns 25550236 312420 4.99872e+09
+2041501039.0ns 25861236 311000 4.976e+09
+2042001039.0ns 26173676 312440 4.99904e+09
+2042501039.0ns 26486116 312440 4.99904e+09
+2043001039.0ns 26798536 312420 4.99872e+09
+2043501039.0ns 27110976 312440 4.99904e+09
+2044001039.0ns 27423416 312440 4.99904e+09
+2044501039.0ns 27735856 312440 4.99904e+09
+2045001039.0ns 28046856 311000 4.976e+09
+2045501039.0ns 28359276 312420 4.99872e+09
+2046001039.0ns 28671716 312440 4.99904e+09
+2046501039.0ns 28984156 312440 4.99904e+09
+2047001039.0ns 29296596 312440 4.99904e+09
+2047501039.0ns 29609016 312420 4.99872e+09
+2048001039.0ns 29921456 312440 4.99904e+09
+2048501039.0ns 30232456 311000 4.976e+09
+2049001039.0ns 30544896 312440 4.99904e+09
+2049501039.0ns 30857316 312420 4.99872e+09
+2050001039.0ns 31169756 312440 4.99904e+09
+2050501039.0ns 31482196 312440 4.99904e+09
+2051001039.0ns 31794636 312440 4.99904e+09
+2051501039.0ns 32107056 312420 4.99872e+09
+2052001039.0ns 32418056 311000 4.976e+09
+2052501039.0ns 32730496 312440 4.99904e+09
+2053001039.0ns 33042936 312440 4.99904e+09
+2053501039.0ns 33355376 312440 4.99904e+09
+2054001039.0ns 33667796 312420 4.99872e+09
+2054501039.0ns 33980236 312440 4.99904e+09
+2055001039.0ns 34292676 312440 4.99904e+09
+2055501039.0ns 34603676 311000 4.976e+09
+2056001039.0ns 34916096 312420 4.99872e+09
+2056501039.0ns 35228536 312440 4.99904e+09
+2057001039.0ns 35540976 312440 4.99904e+09
+2057501039.0ns 35853416 312440 4.99904e+09
+2058001039.0ns 36165836 312420 4.99872e+09
+2058501039.0ns 36478276 312440 4.99904e+09
+2059001039.0ns 36789276 311000 4.976e+09
+2059501039.0ns 37101716 312440 4.99904e+09
+2060001039.0ns 37414156 312440 4.99904e+09
+2060501039.0ns 37726576 312420 4.99872e+09
+2061001039.0ns 38039016 312440 4.99904e+09
+2061501039.0ns 38351456 312440 4.99904e+09
+2062001039.0ns 38663896 312440 4.99904e+09
+2062501039.0ns 38974876 310980 4.97568e+09
+2063001039.0ns 39287316 312440 4.99904e+09
+2063501039.0ns 39599756 312440 4.99904e+09
+2064001039.0ns 39912196 312440 4.99904e+09
+2064501039.0ns 40224616 312420 4.99872e+09
+2065001039.0ns 40537056 312440 4.99904e+09
+2065501039.0ns 40849496 312440 4.99904e+09
+2066001039.0ns 41160496 311000 4.976e+09
+2066501039.0ns 41472916 312420 4.99872e+09
+2067001039.0ns 41785356 312440 4.99904e+09
+2067501039.0ns 42097796 312440 4.99904e+09
+2068001039.0ns 42410236 312440 4.99904e+09
+2068501039.0ns 42722676 312440 4.99904e+09
+2069001039.0ns 43035096 312420 4.99872e+09
+2069501039.0ns 43346096 311000 4.976e+09
+2070001039.0ns 43658536 312440 4.99904e+09
+2070501039.0ns 43970976 312440 4.99904e+09
+2071001039.0ns 44283396 312420 4.99872e+09
+2071501039.0ns 44595836 312440 4.99904e+09
+2072001039.0ns 44908276 312440 4.99904e+09
+2072501039.0ns 45220716 312440 4.99904e+09
+2073001039.0ns 45531696 310980 4.97568e+09
+2073501039.0ns 45844136 312440 4.99904e+09
+2074001039.0ns 46156576 312440 4.99904e+09
+2074501039.0ns 46469016 312440 4.99904e+09
+2075001039.0ns 46781456 312440 4.99904e+09
+2075501039.0ns 47093876 312420 4.99872e+09
+2076001039.0ns 47406316 312440 4.99904e+09
+2076501039.0ns 47718756 312440 4.99904e+09
+2077001039.0ns 48029756 311000 4.976e+09
+2077501039.0ns 48342176 312420 4.99872e+09
+2078001039.0ns 48654616 312440 4.99904e+09
+2078501039.0ns 48967056 312440 4.99904e+09
+2079001039.0ns 49279496 312440 4.99904e+09
+2079501039.0ns 49591916 312420 4.99872e+09
+2080001039.0ns 49904356 312440 4.99904e+09
+2080501039.0ns 50215356 311000 4.976e+09
+2081001039.0ns 50527796 312440 4.99904e+09
+2081501039.0ns 50840216 312420 4.99872e+09
+2082001039.0ns 51152656 312440 4.99904e+09
+2082501039.0ns 51465096 312440 4.99904e+09
+2083001039.0ns 51777536 312440 4.99904e+09
+2083501039.0ns 52089976 312440 4.99904e+09
+2084001039.0ns 52400956 310980 4.97568e+09
+2084501039.0ns 52713396 312440 4.99904e+09
+2085001039.0ns 53025836 312440 4.99904e+09
+2085501039.0ns 53338276 312440 4.99904e+09
+2086001039.0ns 53650696 312420 4.99872e+09
+2086501039.0ns 53963136 312440 4.99904e+09
+2087001039.0ns 54275576 312440 4.99904e+09
+2087501039.0ns 54586576 311000 4.976e+09
+2088001039.0ns 54898996 312420 4.99872e+09
+2088501039.0ns 55211436 312440 4.99904e+09
+2089001039.0ns 55523876 312440 4.99904e+09
+2089501039.0ns 55836316 312440 4.99904e+09
+2090001039.0ns 56148756 312440 4.99904e+09
+2090501039.0ns 56461176 312420 4.99872e+09
+2091001039.0ns 56772176 311000 4.976e+09
+2091501039.0ns 57084616 312440 4.99904e+09
+2092001039.0ns 57397056 312440 4.99904e+09
+2092501039.0ns 57709476 312420 4.99872e+09
+2093001039.0ns 58021916 312440 4.99904e+09
+2093501039.0ns 58334356 312440 4.99904e+09
+2094001039.0ns 58646796 312440 4.99904e+09
+2094501039.0ns 58957776 310980 4.97568e+09
+2095001039.0ns 59270216 312440 4.99904e+09
+2095501039.0ns 59582656 312440 4.99904e+09
+2096001039.0ns 59895096 312440 4.99904e+09
+2096501039.0ns 60207516 312420 4.99872e+09
+2097001039.0ns 60519956 312440 4.99904e+09
+2097501039.0ns 60832396 312440 4.99904e+09
+2098001039.0ns 61143396 311000 4.976e+09
+2098501039.0ns 61455836 312440 4.99904e+09
+2099001039.0ns 61768256 312420 4.99872e+09
+2099501039.0ns 62080696 312440 4.99904e+09
+2100001039.0ns 62393136 312440 4.99904e+09
+2100501039.0ns 62705576 312440 4.99904e+09
+2101001039.0ns 63017996 312420 4.99872e+09
+2101501039.0ns 63328996 311000 4.976e+09
+2102001039.0ns 63641436 312440 4.99904e+09
+2102501039.0ns 63953876 312440 4.99904e+09
+2103001039.0ns 64266296 312420 4.99872e+09
+2103501039.0ns 64578736 312440 4.99904e+09
+2104001039.0ns 64891176 312440 4.99904e+09
+2104501039.0ns 65203616 312440 4.99904e+09
+2105001039.0ns 65514616 311000 4.976e+09
+2105501039.0ns 65827036 312420 4.99872e+09
+2106001039.0ns 66139476 312440 4.99904e+09
+2106501039.0ns 66451916 312440 4.99904e+09
+2107001039.0ns 66764356 312440 4.99904e+09
+2107501039.0ns 67076776 312420 4.99872e+09
+2108001039.0ns 67389216 312440 4.99904e+09
+2108501039.0ns 67700216 311000 4.976e+09
+2109001039.0ns 68012656 312440 4.99904e+09
+2109501039.0ns 68325076 312420 4.99872e+09
+2110001039.0ns 68637516 312440 4.99904e+09
+2110501039.0ns 68949956 312440 4.99904e+09
+2111001039.0ns 69262396 312440 4.99904e+09
+2111501039.0ns 69574816 312420 4.99872e+09
+2112001039.0ns 69885816 311000 4.976e+09
+2112501039.0ns 70198256 312440 4.99904e+09
+2113001039.0ns 70510696 312440 4.99904e+09
+2113501039.0ns 70823136 312440 4.99904e+09
+2114001039.0ns 71135556 312420 4.99872e+09
+2114501039.0ns 71447996 312440 4.99904e+09
+2115001039.0ns 71760436 312440 4.99904e+09
+2115501039.0ns 72071436 311000 4.976e+09
+2116001039.0ns 72383856 312420 4.99872e+09
+2116501039.0ns 72696296 312440 4.99904e+09
+2117001039.0ns 73008736 312440 4.99904e+09
+2117501039.0ns 73321176 312440 4.99904e+09
+2118001039.0ns 73633596 312420 4.99872e+09
+2118501039.0ns 73946036 312440 4.99904e+09
+2119001039.0ns 74257036 311000 4.976e+09
+2119501039.0ns 74569476 312440 4.99904e+09
+2120001039.0ns 74881916 312440 4.99904e+09
+2120501039.0ns 75194336 312420 4.99872e+09
+2121001039.0ns 75506776 312440 4.99904e+09
+2121501039.0ns 75819216 312440 4.99904e+09
+2122001039.0ns 76131656 312440 4.99904e+09
+2122501039.0ns 76442636 310980 4.97568e+09
+2123001039.0ns 76755076 312440 4.99904e+09
+2123501039.0ns 77067516 312440 4.99904e+09
+2124001039.0ns 77379956 312440 4.99904e+09
+2124501039.0ns 77692376 312420 4.99872e+09
+2125001039.0ns 78004816 312440 4.99904e+09
+2125501039.0ns 78317256 312440 4.99904e+09
+2126001039.0ns 78628256 311000 4.976e+09
+2126501039.0ns 78940676 312420 4.99872e+09
+2127001039.0ns 79253116 312440 4.99904e+09
+2127501039.0ns 79565556 312440 4.99904e+09
+2128001039.0ns 79877996 312440 4.99904e+09
+2128501039.0ns 80190436 312440 4.99904e+09
+2129001039.0ns 80502856 312420 4.99872e+09
+2129501039.0ns 80813856 311000 4.976e+09
+2130001039.0ns 81126296 312440 4.99904e+09
+2130501039.0ns 81438736 312440 4.99904e+09
+2131001039.0ns 81751156 312420 4.99872e+09
+2131501039.0ns 82063596 312440 4.99904e+09
+2132001039.0ns 82376036 312440 4.99904e+09
+2132501039.0ns 82688476 312440 4.99904e+09
+2133001039.0ns 82999456 310980 4.97568e+09
+2133501039.0ns 83311896 312440 4.99904e+09
+2134001039.0ns 83624336 312440 4.99904e+09
+2134501039.0ns 83936776 312440 4.99904e+09
+2135001039.0ns 84249216 312440 4.99904e+09
+2135501039.0ns 84561636 312420 4.99872e+09
+2136001039.0ns 84874076 312440 4.99904e+09
+2136501039.0ns 85185076 311000 4.976e+09
+2137001039.0ns 85497516 312440 4.99904e+09
+2137501039.0ns 85809936 312420 4.99872e+09
+2138001039.0ns 86122376 312440 4.99904e+09
+2138501039.0ns 86434816 312440 4.99904e+09
+2139001039.0ns 86747256 312440 4.99904e+09
+2139501039.0ns 87059676 312420 4.99872e+09
+2140001039.0ns 87370676 311000 4.976e+09
+2140501039.0ns 87683116 312440 4.99904e+09
+2141001039.0ns 87995556 312440 4.99904e+09
+2141501039.0ns 88307976 312420 4.99872e+09
+2142001039.0ns 88620416 312440 4.99904e+09
+2142501039.0ns 88932856 312440 4.99904e+09
+2143001039.0ns 89245296 312440 4.99904e+09
+2143501039.0ns 89556296 311000 4.976e+09
+2144001039.0ns 89868716 312420 4.99872e+09
+2144501039.0ns 90181156 312440 4.99904e+09
+2145001039.0ns 90493596 312440 4.99904e+09
+2145501039.0ns 90806036 312440 4.99904e+09
+2146001039.0ns 91118456 312420 4.99872e+09
+2146501039.0ns 91430896 312440 4.99904e+09
+2147001039.0ns 91741896 311000 4.976e+09
+2147501039.0ns 92054336 312440 4.99904e+09
+2148001039.0ns 92366756 312420 4.99872e+09
+2148501039.0ns 92679196 312440 4.99904e+09
+2149001039.0ns 92991636 312440 4.99904e+09
+2149501039.0ns 93304076 312440 4.99904e+09
+2150001039.0ns 93616516 312440 4.99904e+09
+2150501039.0ns 93927496 310980 4.97568e+09
+2151001039.0ns 94239936 312440 4.99904e+09
+2151501039.0ns 94552376 312440 4.99904e+09
+2152001039.0ns 94864816 312440 4.99904e+09
+2152501039.0ns 95177236 312420 4.99872e+09
+2153001039.0ns 95489676 312440 4.99904e+09
+2153501039.0ns 95802116 312440 4.99904e+09
+2154001039.0ns 96113116 311000 4.976e+09
+2154501039.0ns 96425536 312420 4.99872e+09
+2155001039.0ns 96737976 312440 4.99904e+09
+2155501039.0ns 97050416 312440 4.99904e+09
+2156001039.0ns 97362856 312440 4.99904e+09
+2156501039.0ns 97675276 312420 4.99872e+09
+2157001039.0ns 97986276 311000 4.976e+09
+2157501039.0ns 98298716 312440 4.99904e+09
+2158001039.0ns 98611156 312440 4.99904e+09
+2158501039.0ns 98923596 312440 4.99904e+09
+2159001039.0ns 99236016 312420 4.99872e+09
+2159501039.0ns 99547016 311000 4.976e+09
+2160001039.0ns 99859456 312440 4.99904e+09
+2160501039.0ns 100171896 312440 4.99904e+09
+2161001039.0ns 100484316 312420 4.99872e+09
+2161501039.0ns 100795316 311000 4.976e+09
+2162001039.0ns 101107756 312440 4.99904e+09
+2162501039.0ns 101420196 312440 4.99904e+09
+2163001039.0ns 101732616 312420 4.99872e+09
+2163501039.0ns 102043616 311000 4.976e+09
+2164001039.0ns 102356056 312440 4.99904e+09
+2164501039.0ns 102668496 312440 4.99904e+09
+2165001039.0ns 102980936 312440 4.99904e+09
+2165501039.0ns 103291916 310980 4.97568e+09
+2166001039.0ns 103604356 312440 4.99904e+09
+2166501039.0ns 103916796 312440 4.99904e+09
+2167001039.0ns 104229236 312440 4.99904e+09
+2167501039.0ns 104541656 312420 4.99872e+09
+2168001039.0ns 104852656 311000 4.976e+09
+2168501039.0ns 105165096 312440 4.99904e+09
+2169001039.0ns 105477536 312440 4.99904e+09
+2169501039.0ns 105789956 312420 4.99872e+09
+2170001039.0ns 106100956 311000 4.976e+09
+2170501039.0ns 106413396 312440 4.99904e+09
+2171001039.0ns 106725836 312440 4.99904e+09
+2171501039.0ns 107038256 312420 4.99872e+09
+2172001039.0ns 107349256 311000 4.976e+09
+2172501039.0ns 107661696 312440 4.99904e+09
+2173001039.0ns 107974136 312440 4.99904e+09
+2173501039.0ns 108286576 312440 4.99904e+09
+2174001039.0ns 108598996 312420 4.99872e+09
+2174501039.0ns 108909996 311000 4.976e+09
+2175001039.0ns 109222436 312440 4.99904e+09
+2175501039.0ns 109534876 312440 4.99904e+09
+2176001039.0ns 109847296 312420 4.99872e+09
+2176501039.0ns 110158296 311000 4.976e+09
+2177001039.0ns 110470736 312440 4.99904e+09
+2177501039.0ns 110783176 312440 4.99904e+09
+2178001039.0ns 111095596 312420 4.99872e+09
+2178501039.0ns 111406596 311000 4.976e+09
+2179001039.0ns 111719036 312440 4.99904e+09
+2179501039.0ns 112031476 312440 4.99904e+09
+2180001039.0ns 112343916 312440 4.99904e+09
+2180501039.0ns 112654896 310980 4.97568e+09
+2181001039.0ns 112967336 312440 4.99904e+09
+2181501039.0ns 113279776 312440 4.99904e+09
+2182001039.0ns 113592216 312440 4.99904e+09
+2182501039.0ns 113904636 312420 4.99872e+09
+2183001039.0ns 114215636 311000 4.976e+09
+2183501039.0ns 114528076 312440 4.99904e+09
+2184001039.0ns 114840516 312440 4.99904e+09
+2184501039.0ns 115152936 312420 4.99872e+09
+2185001039.0ns 115463936 311000 4.976e+09
+2185501039.0ns 115776376 312440 4.99904e+09
+2186001039.0ns 116088816 312440 4.99904e+09
+2186501039.0ns 116401236 312420 4.99872e+09
+2187001039.0ns 116712236 311000 4.976e+09
+2187501039.0ns 117024676 312440 4.99904e+09
+2188001039.0ns 117337116 312440 4.99904e+09
+2188501039.0ns 117649556 312440 4.99904e+09
+2189001039.0ns 117961976 312420 4.99872e+09
+2189501039.0ns 118272976 311000 4.976e+09
+2190001039.0ns 118585416 312440 4.99904e+09
+2190501039.0ns 118897856 312440 4.99904e+09
+2191001039.0ns 119210276 312420 4.99872e+09
+2191501039.0ns 119521276 311000 4.976e+09
+2192001039.0ns 119833716 312440 4.99904e+09
+2192501039.0ns 120146156 312440 4.99904e+09
+2193001039.0ns 120458576 312420 4.99872e+09
+2193501039.0ns 120769576 311000 4.976e+09
+2194001039.0ns 121082016 312440 4.99904e+09
+2194501039.0ns 121394456 312440 4.99904e+09
+2195001039.0ns 121706896 312440 4.99904e+09
+2195501039.0ns 122017876 310980 4.97568e+09
+2196001039.0ns 122330316 312440 4.99904e+09
+2196501039.0ns 122642756 312440 4.99904e+09
+2197001039.0ns 122955196 312440 4.99904e+09
+2197501039.0ns 123267616 312420 4.99872e+09
+2198001039.0ns 123578616 311000 4.976e+09
+2198501039.0ns 123891056 312440 4.99904e+09
+2199001039.0ns 124203496 312440 4.99904e+09
+2199501039.0ns 124515916 312420 4.99872e+09
+2200001039.0ns 124826916 311000 4.976e+09
+2200501039.0ns 125139356 312440 4.99904e+09
+2201001039.0ns 125451796 312440 4.99904e+09
+2201501039.0ns 125764216 312420 4.99872e+09
+2202001039.0ns 126075216 311000 4.976e+09
+2202501039.0ns 126387656 312440 4.99904e+09
+2203001039.0ns 126700096 312440 4.99904e+09
+2203501039.0ns 127012536 312440 4.99904e+09
+2204001039.0ns 127324956 312420 4.99872e+09
+2204501039.0ns 127635956 311000 4.976e+09
+2205001039.0ns 127948396 312440 4.99904e+09
+2205501039.0ns 128260836 312440 4.99904e+09
+2206001039.0ns 128573256 312420 4.99872e+09
+2206501039.0ns 128884256 311000 4.976e+09
+2207001039.0ns 129196696 312440 4.99904e+09
+2207501039.0ns 129509136 312440 4.99904e+09
+2208001039.0ns 129821556 312420 4.99872e+09
+2208501039.0ns 130132556 311000 4.976e+09
+2209001039.0ns 130444996 312440 4.99904e+09
+2209501039.0ns 130757436 312440 4.99904e+09
+2210001039.0ns 131069856 312420 4.99872e+09
+2210501039.0ns 131380856 311000 4.976e+09
+2211001039.0ns 131693296 312440 4.99904e+09
+2211501039.0ns 132005736 312440 4.99904e+09
+2212001039.0ns 132318176 312440 4.99904e+09
+2212501039.0ns 132630596 312420 4.99872e+09
+2213001039.0ns 132941596 311000 4.976e+09
+2213501039.0ns 133254036 312440 4.99904e+09
+2214001039.0ns 133566476 312440 4.99904e+09
+2214501039.0ns 133878896 312420 4.99872e+09
+2215001039.0ns 134189896 311000 4.976e+09
+2215501039.0ns 134502336 312440 4.99904e+09
+2216001039.0ns 134814776 312440 4.99904e+09
+2216501039.0ns 135127196 312420 4.99872e+09
+2217001039.0ns 135438196 311000 4.976e+09
+2217501039.0ns 135750636 312440 4.99904e+09
+2218001039.0ns 136063076 312440 4.99904e+09
+2218501039.0ns 136375516 312440 4.99904e+09
+2219001039.0ns 136687936 312420 4.99872e+09
+2219501039.0ns 136998936 311000 4.976e+09
+2220001039.0ns 137311376 312440 4.99904e+09
+2220501039.0ns 137623816 312440 4.99904e+09
+2221001039.0ns 137936236 312420 4.99872e+09
+2221501039.0ns 138247236 311000 4.976e+09
+2222001039.0ns 138559676 312440 4.99904e+09
+2222501039.0ns 138872116 312440 4.99904e+09
+2223001039.0ns 139184536 312420 4.99872e+09
+2223501039.0ns 139495536 311000 4.976e+09
+2224001039.0ns 139807976 312440 4.99904e+09
+2224501039.0ns 140120416 312440 4.99904e+09
+2225001039.0ns 140432836 312420 4.99872e+09
+2225501039.0ns 140743836 311000 4.976e+09
+2226001039.0ns 141056276 312440 4.99904e+09
+2226501039.0ns 141368716 312440 4.99904e+09
+2227001039.0ns 141681156 312440 4.99904e+09
+2227501039.0ns 141993576 312420 4.99872e+09
+2228001039.0ns 142304576 311000 4.976e+09
+2228501039.0ns 142617016 312440 4.99904e+09
+2229001039.0ns 142929456 312440 4.99904e+09
+2229501039.0ns 143241876 312420 4.99872e+09
+2230001039.0ns 143552876 311000 4.976e+09
+2230501039.0ns 143865316 312440 4.99904e+09
+2231001039.0ns 144177756 312440 4.99904e+09
+2231501039.0ns 144490176 312420 4.99872e+09
+2232001039.0ns 144801176 311000 4.976e+09
+2232501039.0ns 145113616 312440 4.99904e+09
+2233001039.0ns 145426056 312440 4.99904e+09
+2233501039.0ns 145738496 312440 4.99904e+09
+2234001039.0ns 146050916 312420 4.99872e+09
+2234501039.0ns 146361916 311000 4.976e+09
+2235001039.0ns 146674356 312440 4.99904e+09
+2235501039.0ns 146986796 312440 4.99904e+09
+2236001039.0ns 147299216 312420 4.99872e+09
+2236501039.0ns 147610216 311000 4.976e+09
+2237001039.0ns 147922656 312440 4.99904e+09
+2237501039.0ns 148235096 312440 4.99904e+09
+2238001039.0ns 148547516 312420 4.99872e+09
+2238501039.0ns 148858516 311000 4.976e+09
+2239001039.0ns 149170956 312440 4.99904e+09
+2239501039.0ns 149483396 312440 4.99904e+09
+2240001039.0ns 149795816 312420 4.99872e+09
+2240501039.0ns 150106816 311000 4.976e+09
+2241001039.0ns 150419256 312440 4.99904e+09
+2241501039.0ns 150731696 312440 4.99904e+09
+2242001039.0ns 151044136 312440 4.99904e+09
+2242501039.0ns 151356556 312420 4.99872e+09
+2243001039.0ns 151667556 311000 4.976e+09
+2243501039.0ns 151979996 312440 4.99904e+09
+2244001039.0ns 152292436 312440 4.99904e+09
+2244501039.0ns 152604856 312420 4.99872e+09
+2245001039.0ns 152915856 311000 4.976e+09
+2245501039.0ns 153228296 312440 4.99904e+09
+2246001039.0ns 153540736 312440 4.99904e+09
+2246501039.0ns 153853156 312420 4.99872e+09
+2247001039.0ns 154164156 311000 4.976e+09
+2247501039.0ns 154476596 312440 4.99904e+09
+2248001039.0ns 154789036 312440 4.99904e+09
+2248501039.0ns 155101476 312440 4.99904e+09
+2249001039.0ns 155413896 312420 4.99872e+09
+2249501039.0ns 155724896 311000 4.976e+09
+2250001039.0ns 156037336 312440 4.99904e+09
+2250501039.0ns 156349776 312440 4.99904e+09
+2251001039.0ns 156662196 312420 4.99872e+09
+2251501039.0ns 156973196 311000 4.976e+09
+2252001039.0ns 157285636 312440 4.99904e+09
+2252501039.0ns 157598076 312440 4.99904e+09
+2253001039.0ns 157910496 312420 4.99872e+09
+2253501039.0ns 158221496 311000 4.976e+09
+2254001039.0ns 158533936 312440 4.99904e+09
+2254501039.0ns 158846376 312440 4.99904e+09
+2255001039.0ns 159158796 312420 4.99872e+09
+2255501039.0ns 159469796 311000 4.976e+09
+2256001039.0ns 159782236 312440 4.99904e+09
+2256501039.0ns 160094676 312440 4.99904e+09
+2257001039.0ns 160407116 312440 4.99904e+09
+2257501039.0ns 160719536 312420 4.99872e+09
+2258001039.0ns 161030536 311000 4.976e+09
+2258501039.0ns 161342976 312440 4.99904e+09
+2259001039.0ns 161655416 312440 4.99904e+09
+2259501039.0ns 161967836 312420 4.99872e+09
+2260001039.0ns 162278836 311000 4.976e+09
+2260501039.0ns 162591276 312440 4.99904e+09
+2261001039.0ns 162903716 312440 4.99904e+09
+2261501039.0ns 163216136 312420 4.99872e+09
+2262001039.0ns 163527136 311000 4.976e+09
+2262501039.0ns 163839576 312440 4.99904e+09
+2263001039.0ns 164152016 312440 4.99904e+09
+2263501039.0ns 164464456 312440 4.99904e+09
+2264001039.0ns 164776876 312420 4.99872e+09
+2264501039.0ns 165087876 311000 4.976e+09
+2265001039.0ns 165400316 312440 4.99904e+09
+2265501039.0ns 165712756 312440 4.99904e+09
+2266001039.0ns 166025176 312420 4.99872e+09
+2266501039.0ns 166336176 311000 4.976e+09
+2267001039.0ns 166648616 312440 4.99904e+09
+2267501039.0ns 166961056 312440 4.99904e+09
+2268001039.0ns 167273476 312420 4.99872e+09
+2268501039.0ns 167584476 311000 4.976e+09
+2269001039.0ns 167896916 312440 4.99904e+09
+2269501039.0ns 168209356 312440 4.99904e+09
+2270001039.0ns 168521776 312420 4.99872e+09
+2270501039.0ns 168832776 311000 4.976e+09
+2271001039.0ns 169145216 312440 4.99904e+09
+2271501039.0ns 169457656 312440 4.99904e+09
+2272001039.0ns 169770096 312440 4.99904e+09
+2272501039.0ns 170082516 312420 4.99872e+09
+2273001039.0ns 170393516 311000 4.976e+09
+2273501039.0ns 170705956 312440 4.99904e+09
+2274001039.0ns 171018396 312440 4.99904e+09
+2274501039.0ns 171330816 312420 4.99872e+09
+2275001039.0ns 171641816 311000 4.976e+09
+2275501039.0ns 171954256 312440 4.99904e+09
+2276001039.0ns 172266696 312440 4.99904e+09
+2276501039.0ns 172579116 312420 4.99872e+09
+2277001039.0ns 172890116 311000 4.976e+09
+2277501039.0ns 173202556 312440 4.99904e+09
+2278001039.0ns 173514996 312440 4.99904e+09
+2278501039.0ns 173827436 312440 4.99904e+09
+2279001039.0ns 174139856 312420 4.99872e+09
+2279501039.0ns 174450856 311000 4.976e+09
+2280001039.0ns 174763296 312440 4.99904e+09
+2280501039.0ns 175075736 312440 4.99904e+09
+2281001039.0ns 175388156 312420 4.99872e+09
+2281501039.0ns 175699156 311000 4.976e+09
+2282001039.0ns 176011596 312440 4.99904e+09
+2282501039.0ns 176324036 312440 4.99904e+09
+2283001039.0ns 176636456 312420 4.99872e+09
+2283501039.0ns 176947456 311000 4.976e+09
+2284001039.0ns 177259896 312440 4.99904e+09
+2284501039.0ns 177572336 312440 4.99904e+09
+2285001039.0ns 177884756 312420 4.99872e+09
+2285501039.0ns 178195756 311000 4.976e+09
+2286001039.0ns 178508196 312440 4.99904e+09
+2286501039.0ns 178820636 312440 4.99904e+09
+2287001039.0ns 179133076 312440 4.99904e+09
+2287501039.0ns 179445496 312420 4.99872e+09
+2288001039.0ns 179756496 311000 4.976e+09
+2288501039.0ns 180068936 312440 4.99904e+09
+2289001039.0ns 180381376 312440 4.99904e+09
+2289501039.0ns 180693796 312420 4.99872e+09
+2290001039.0ns 181004796 311000 4.976e+09
+2290501039.0ns 181317236 312440 4.99904e+09
+2291001039.0ns 181629676 312440 4.99904e+09
+2291501039.0ns 181942096 312420 4.99872e+09
+2292001039.0ns 182253096 311000 4.976e+09
+2292501039.0ns 182565536 312440 4.99904e+09
+2293001039.0ns 182877976 312440 4.99904e+09
+2293501039.0ns 183190416 312440 4.99904e+09
+2294001039.0ns 183502836 312420 4.99872e+09
+2294501039.0ns 183813836 311000 4.976e+09
+2295001039.0ns 184126276 312440 4.99904e+09
+2295501039.0ns 184438716 312440 4.99904e+09
+2296001039.0ns 184751136 312420 4.99872e+09
+2296501039.0ns 185062136 311000 4.976e+09
+2297001039.0ns 185374576 312440 4.99904e+09
+2297501039.0ns 185687016 312440 4.99904e+09
+2298001039.0ns 185999436 312420 4.99872e+09
+2298501039.0ns 186310436 311000 4.976e+09
+2299001039.0ns 186622876 312440 4.99904e+09
+2299501039.0ns 186935316 312440 4.99904e+09
+2300001039.0ns 187247736 312420 4.99872e+09
+2300501039.0ns 187558736 311000 4.976e+09
+2301001039.0ns 187871176 312440 4.99904e+09
+2301501039.0ns 188183616 312440 4.99904e+09
+2302001039.0ns 188496056 312440 4.99904e+09
+2302501039.0ns 188808476 312420 4.99872e+09
+2303001039.0ns 189119476 311000 4.976e+09
+2303501039.0ns 189431916 312440 4.99904e+09
+2304001039.0ns 189744356 312440 4.99904e+09
+2304501039.0ns 190056776 312420 4.99872e+09
+2305001039.0ns 190367776 311000 4.976e+09
+2305501039.0ns 190680216 312440 4.99904e+09
+2306001039.0ns 190992656 312440 4.99904e+09
+2306501039.0ns 191305076 312420 4.99872e+09
+2307001039.0ns 191616076 311000 4.976e+09
+2307501039.0ns 191928516 312440 4.99904e+09
+2308001039.0ns 192240956 312440 4.99904e+09
+2308501039.0ns 192553396 312440 4.99904e+09
+2309001039.0ns 192864376 310980 4.97568e+09
+2309501039.0ns 193176816 312440 4.99904e+09
+2310001039.0ns 193489256 312440 4.99904e+09
+2310501039.0ns 193801696 312440 4.99904e+09
+2311001039.0ns 194114116 312420 4.99872e+09
+2311501039.0ns 194425116 311000 4.976e+09
+2312001039.0ns 194737556 312440 4.99904e+09
+2312501039.0ns 195049996 312440 4.99904e+09
+2313001039.0ns 195362416 312420 4.99872e+09
+2313501039.0ns 195673416 311000 4.976e+09
+2314001039.0ns 195985856 312440 4.99904e+09
+2314501039.0ns 196298296 312440 4.99904e+09
+2315001039.0ns 196610716 312420 4.99872e+09
+2315501039.0ns 196921716 311000 4.976e+09
+2316001039.0ns 197234156 312440 4.99904e+09
+2316501039.0ns 197546596 312440 4.99904e+09
+2317001039.0ns 197859036 312440 4.99904e+09
+2317501039.0ns 198171456 312420 4.99872e+09
+2318001039.0ns 198482456 311000 4.976e+09
+2318501039.0ns 198794896 312440 4.99904e+09
+2319001039.0ns 199107336 312440 4.99904e+09
+2319501039.0ns 199419756 312420 4.99872e+09
+2320001039.0ns 199730756 311000 4.976e+09
+2320501039.0ns 200043196 312440 4.99904e+09
+2321001039.0ns 200355636 312440 4.99904e+09
+2321501039.0ns 200668056 312420 4.99872e+09
+2322001039.0ns 200979056 311000 4.976e+09
+2322501039.0ns 201291496 312440 4.99904e+09
+2323001039.0ns 201603936 312440 4.99904e+09
+2323501039.0ns 201916376 312440 4.99904e+09
+2324001039.0ns 202227356 310980 4.97568e+09
+2324501039.0ns 202539796 312440 4.99904e+09
+2325001039.0ns 202852236 312440 4.99904e+09
+2325501039.0ns 203164676 312440 4.99904e+09
+2326001039.0ns 203477096 312420 4.99872e+09
+2326501039.0ns 203788096 311000 4.976e+09
+2327001039.0ns 204100536 312440 4.99904e+09
+2327501039.0ns 204412976 312440 4.99904e+09
+2328001039.0ns 204725396 312420 4.99872e+09
+2328501039.0ns 205036396 311000 4.976e+09
+2329001039.0ns 205348836 312440 4.99904e+09
+2329501039.0ns 205661276 312440 4.99904e+09
+2330001039.0ns 205973696 312420 4.99872e+09
+2330501039.0ns 206284696 311000 4.976e+09
+2331001039.0ns 206597136 312440 4.99904e+09
+2331501039.0ns 206909576 312440 4.99904e+09
+2332001039.0ns 207222016 312440 4.99904e+09
+2332501039.0ns 207534436 312420 4.99872e+09
+2333001039.0ns 207845436 311000 4.976e+09
+2333501039.0ns 208157876 312440 4.99904e+09
+2334001039.0ns 208470316 312440 4.99904e+09
+2334501039.0ns 208782736 312420 4.99872e+09
+2335001039.0ns 209093736 311000 4.976e+09
+2335501039.0ns 209406176 312440 4.99904e+09
+2336001039.0ns 209718616 312440 4.99904e+09
+2336501039.0ns 210031036 312420 4.99872e+09
+2337001039.0ns 210342036 311000 4.976e+09
+2337501039.0ns 210654476 312440 4.99904e+09
+2338001039.0ns 210966916 312440 4.99904e+09
+2338501039.0ns 211279356 312440 4.99904e+09
+2339001039.0ns 211590336 310980 4.97568e+09
+2339501039.0ns 211902776 312440 4.99904e+09
+2340001039.0ns 212215216 312440 4.99904e+09
+2340501039.0ns 212527656 312440 4.99904e+09
+2341001039.0ns 212840076 312420 4.99872e+09
+2341501039.0ns 213151076 311000 4.976e+09
+2342001039.0ns 213463516 312440 4.99904e+09
+2342501039.0ns 213775956 312440 4.99904e+09
+2343001039.0ns 214088376 312420 4.99872e+09
+2343501039.0ns 214399376 311000 4.976e+09
+2344001039.0ns 214711816 312440 4.99904e+09
+2344501039.0ns 215024256 312440 4.99904e+09
+2345001039.0ns 215336676 312420 4.99872e+09
+2345501039.0ns 215647676 311000 4.976e+09
+2346001039.0ns 215960116 312440 4.99904e+09
+2346501039.0ns 216272556 312440 4.99904e+09
+2347001039.0ns 216584996 312440 4.99904e+09
+2347501039.0ns 216897416 312420 4.99872e+09
+2348001039.0ns 217208416 311000 4.976e+09
+2348501039.0ns 217520856 312440 4.99904e+09
+2349001039.0ns 217833296 312440 4.99904e+09
+2349501039.0ns 218145716 312420 4.99872e+09
+2350001039.0ns 218456716 311000 4.976e+09
+2350501039.0ns 218769156 312440 4.99904e+09
+2351001039.0ns 219081596 312440 4.99904e+09
+2351501039.0ns 219394016 312420 4.99872e+09
+2352001039.0ns 219705016 311000 4.976e+09
+2352501039.0ns 220017456 312440 4.99904e+09
+2353001039.0ns 220329896 312440 4.99904e+09
+2353501039.0ns 220642336 312440 4.99904e+09
+2354001039.0ns 220953316 310980 4.97568e+09
+2354501039.0ns 221265756 312440 4.99904e+09
+2355001039.0ns 221578196 312440 4.99904e+09
+2355501039.0ns 221890636 312440 4.99904e+09
+2356001039.0ns 222203056 312420 4.99872e+09
+2356501039.0ns 222514056 311000 4.976e+09
+2357001039.0ns 222826496 312440 4.99904e+09
+2357501039.0ns 223138936 312440 4.99904e+09
+2358001039.0ns 223451356 312420 4.99872e+09
+2358501039.0ns 223762356 311000 4.976e+09
+2359001039.0ns 224074796 312440 4.99904e+09
+2359501039.0ns 224387236 312440 4.99904e+09
+2360001039.0ns 224699656 312420 4.99872e+09
+2360501039.0ns 225010656 311000 4.976e+09
+2361001039.0ns 225323096 312440 4.99904e+09
+2361501039.0ns 225635536 312440 4.99904e+09
+2362001039.0ns 225947976 312440 4.99904e+09
+2362501039.0ns 226260396 312420 4.99872e+09
+2363001039.0ns 226571396 311000 4.976e+09
+2363501039.0ns 226883836 312440 4.99904e+09
+2364001039.0ns 227196276 312440 4.99904e+09
+2364501039.0ns 227508696 312420 4.99872e+09
+2365001039.0ns 227819696 311000 4.976e+09
+2365501039.0ns 228132136 312440 4.99904e+09
+2366001039.0ns 228444576 312440 4.99904e+09
+2366501039.0ns 228756996 312420 4.99872e+09
+2367001039.0ns 229067996 311000 4.976e+09
+2367501039.0ns 229380436 312440 4.99904e+09
+2368001039.0ns 229692876 312440 4.99904e+09
+2368501039.0ns 230005316 312440 4.99904e+09
+2369001039.0ns 230316296 310980 4.97568e+09
+2369501039.0ns 230628736 312440 4.99904e+09
+2370001039.0ns 230941176 312440 4.99904e+09
+2370501039.0ns 231253616 312440 4.99904e+09
+2371001039.0ns 231566036 312420 4.99872e+09
+2371501039.0ns 231877036 311000 4.976e+09
+2372001039.0ns 232189476 312440 4.99904e+09
+2372501039.0ns 232501916 312440 4.99904e+09
+2373001039.0ns 232814336 312420 4.99872e+09
+2373501039.0ns 233125336 311000 4.976e+09
+2374001039.0ns 233437776 312440 4.99904e+09
+2374501039.0ns 233750216 312440 4.99904e+09
+2375001039.0ns 234062636 312420 4.99872e+09
+2375501039.0ns 234373636 311000 4.976e+09
+2376001039.0ns 234686076 312440 4.99904e+09
+2376501039.0ns 234998516 312440 4.99904e+09
+2377001039.0ns 235310956 312440 4.99904e+09
+2377501039.0ns 235623376 312420 4.99872e+09
+2378001039.0ns 235934376 311000 4.976e+09
+2378501039.0ns 236246816 312440 4.99904e+09
+2379001039.0ns 236559256 312440 4.99904e+09
+2379501039.0ns 236871676 312420 4.99872e+09
+2380001039.0ns 237182676 311000 4.976e+09
+2380501039.0ns 237495116 312440 4.99904e+09
+2381001039.0ns 237807556 312440 4.99904e+09
+2381501039.0ns 238119976 312420 4.99872e+09
+2382001039.0ns 238430976 311000 4.976e+09
+2382501039.0ns 238743416 312440 4.99904e+09
+2383001039.0ns 239055856 312440 4.99904e+09
+2383501039.0ns 239368276 312420 4.99872e+09
+2384001039.0ns 239679276 311000 4.976e+09
+2384501039.0ns 239991716 312440 4.99904e+09
+2385001039.0ns 240304156 312440 4.99904e+09
+2385501039.0ns 240616596 312440 4.99904e+09
+2386001039.0ns 240929016 312420 4.99872e+09
+2386501039.0ns 241240016 311000 4.976e+09
+2387001039.0ns 241552456 312440 4.99904e+09
+2387501039.0ns 241864896 312440 4.99904e+09
+2388001039.0ns 242177316 312420 4.99872e+09
+2388501039.0ns 242488316 311000 4.976e+09
+2389001039.0ns 242800756 312440 4.99904e+09
+2389501039.0ns 243113196 312440 4.99904e+09
+2390001039.0ns 243425616 312420 4.99872e+09
+2390501039.0ns 243736616 311000 4.976e+09
+2391001039.0ns 244049056 312440 4.99904e+09
+2391501039.0ns 244361496 312440 4.99904e+09
+2392001039.0ns 244673936 312440 4.99904e+09
+2392501039.0ns 244986356 312420 4.99872e+09
+2393001039.0ns 245297356 311000 4.976e+09
+2393501039.0ns 245609796 312440 4.99904e+09
+2394001039.0ns 245922236 312440 4.99904e+09
+2394501039.0ns 246234656 312420 4.99872e+09
+2395001039.0ns 246545656 311000 4.976e+09
+2395501039.0ns 246858096 312440 4.99904e+09
+2396001039.0ns 247170536 312440 4.99904e+09
+2396501039.0ns 247482956 312420 4.99872e+09
+2397001039.0ns 247793956 311000 4.976e+09
+2397501039.0ns 248106396 312440 4.99904e+09
+2398001039.0ns 248418836 312440 4.99904e+09
+2398501039.0ns 248731256 312420 4.99872e+09
+2399001039.0ns 249042256 311000 4.976e+09
+2399501039.0ns 249354696 312440 4.99904e+09
+2400001039.0ns 249667136 312440 4.99904e+09
+2400501039.0ns 249979576 312440 4.99904e+09
+2401001039.0ns 250291996 312420 4.99872e+09
+2401501039.0ns 250602996 311000 4.976e+09
+2402001039.0ns 250915436 312440 4.99904e+09
+2402501039.0ns 251227876 312440 4.99904e+09
+2403001039.0ns 251540296 312420 4.99872e+09
+2403501039.0ns 251851296 311000 4.976e+09
+2404001039.0ns 252163736 312440 4.99904e+09
+2404501039.0ns 252476176 312440 4.99904e+09
+2405001039.0ns 252788596 312420 4.99872e+09
+2405501039.0ns 253099596 311000 4.976e+09
+2406001039.0ns 253412036 312440 4.99904e+09
+2406501039.0ns 253724476 312440 4.99904e+09
+2407001039.0ns 254036916 312440 4.99904e+09
+2407501039.0ns 254349336 312420 4.99872e+09
+2408001039.0ns 254660336 311000 4.976e+09
+2408501039.0ns 254972776 312440 4.99904e+09
+2409001039.0ns 255285216 312440 4.99904e+09
+2409501039.0ns 255597636 312420 4.99872e+09
+2410001039.0ns 255908636 311000 4.976e+09
+2410501039.0ns 256221076 312440 4.99904e+09
+2411001039.0ns 256533516 312440 4.99904e+09
+2411501039.0ns 256845936 312420 4.99872e+09
+2412001039.0ns 257156936 311000 4.976e+09
+2412501039.0ns 257469376 312440 4.99904e+09
+2413001039.0ns 257781816 312440 4.99904e+09
+2413501039.0ns 258094236 312420 4.99872e+09
+2414001039.0ns 258405236 311000 4.976e+09
+2414501039.0ns 258717676 312440 4.99904e+09
+2415001039.0ns 259030116 312440 4.99904e+09
+2415501039.0ns 259342556 312440 4.99904e+09
+2416001039.0ns 259654976 312420 4.99872e+09
+2416501039.0ns 259965976 311000 4.976e+09
+2417001039.0ns 260278416 312440 4.99904e+09
+2417501039.0ns 260590856 312440 4.99904e+09
+2418001039.0ns 260903276 312420 4.99872e+09
+2418501039.0ns 261214276 311000 4.976e+09
+2419001039.0ns 261526716 312440 4.99904e+09
+2419501039.0ns 261839156 312440 4.99904e+09
+2420001039.0ns 262151576 312420 4.99872e+09
+2420501039.0ns 262462576 311000 4.976e+09
+2421001039.0ns 262775016 312440 4.99904e+09
+2421501039.0ns 263087456 312440 4.99904e+09
+2422001039.0ns 263399896 312440 4.99904e+09
+2422501039.0ns 263712316 312420 4.99872e+09
+2423001039.0ns 264023316 311000 4.976e+09
+2423501039.0ns 264335756 312440 4.99904e+09
+2424001039.0ns 264648196 312440 4.99904e+09
+2424501039.0ns 264960616 312420 4.99872e+09
+2425001039.0ns 265271616 311000 4.976e+09
+2425501039.0ns 265584056 312440 4.99904e+09
+2426001039.0ns 265896496 312440 4.99904e+09
+2426501039.0ns 266208916 312420 4.99872e+09
+2427001039.0ns 266519916 311000 4.976e+09
+2427501039.0ns 266832356 312440 4.99904e+09
+2428001039.0ns 267144796 312440 4.99904e+09
+2428501039.0ns 267457216 312420 4.99872e+09
+2429001039.0ns 267768216 311000 4.976e+09
+2429501039.0ns 268080656 312440 4.99904e+09
+2430001039.0ns 268393096 312440 4.99904e+09
+2430501039.0ns 268705536 312440 4.99904e+09
+2431001039.0ns 269017956 312420 4.99872e+09
+2431501039.0ns 269328956 311000 4.976e+09
+2432001039.0ns 269641396 312440 4.99904e+09
+2432501039.0ns 269953836 312440 4.99904e+09
+2433001039.0ns 270266256 312420 4.99872e+09
+2433501039.0ns 270577256 311000 4.976e+09
+2434001039.0ns 270889696 312440 4.99904e+09
+2434501039.0ns 271202136 312440 4.99904e+09
+2435001039.0ns 271514556 312420 4.99872e+09
+2435501039.0ns 271825556 311000 4.976e+09
+2436001039.0ns 272137996 312440 4.99904e+09
+2436501039.0ns 272450436 312440 4.99904e+09
+2437001039.0ns 272762876 312440 4.99904e+09
+2437501039.0ns 273075296 312420 4.99872e+09
+2438001039.0ns 273386296 311000 4.976e+09
+2438501039.0ns 273698736 312440 4.99904e+09
+2439001039.0ns 274011176 312440 4.99904e+09
+2439501039.0ns 274323596 312420 4.99872e+09
+2440001039.0ns 274634596 311000 4.976e+09
+2440501039.0ns 274947036 312440 4.99904e+09
+2441001039.0ns 275259476 312440 4.99904e+09
+2441501039.0ns 275571896 312420 4.99872e+09
+2442001039.0ns 275882896 311000 4.976e+09
+2442501039.0ns 276195336 312440 4.99904e+09
+2443001039.0ns 276507776 312440 4.99904e+09
+2443501039.0ns 276820196 312420 4.99872e+09
+2444001039.0ns 277131196 311000 4.976e+09
+2444501039.0ns 277443636 312440 4.99904e+09
+2445001039.0ns 277756076 312440 4.99904e+09
+2445501039.0ns 278068516 312440 4.99904e+09
+2446001039.0ns 278380936 312420 4.99872e+09
+2446501039.0ns 278691936 311000 4.976e+09
+2447001039.0ns 279004376 312440 4.99904e+09
+2447501039.0ns 279316816 312440 4.99904e+09
+2448001039.0ns 279629236 312420 4.99872e+09
+2448501039.0ns 279940236 311000 4.976e+09
+2449001039.0ns 280252676 312440 4.99904e+09
+2449501039.0ns 280565116 312440 4.99904e+09
+2450001039.0ns 280877536 312420 4.99872e+09
+2450501039.0ns 281188536 311000 4.976e+09
+2451001039.0ns 281500976 312440 4.99904e+09
+2451501039.0ns 281813416 312440 4.99904e+09
+2452001039.0ns 282125856 312440 4.99904e+09
+2452501039.0ns 282438276 312420 4.99872e+09
+2453001039.0ns 282749276 311000 4.976e+09
+2453501039.0ns 283061716 312440 4.99904e+09
+2454001039.0ns 283374156 312440 4.99904e+09
+2454501039.0ns 283686576 312420 4.99872e+09
+2455001039.0ns 283997576 311000 4.976e+09
+2455501039.0ns 284310016 312440 4.99904e+09
+2456001039.0ns 284622456 312440 4.99904e+09
+2456501039.0ns 284934876 312420 4.99872e+09
+2457001039.0ns 285245876 311000 4.976e+09
+2457501039.0ns 285558316 312440 4.99904e+09
+2458001039.0ns 285870756 312440 4.99904e+09
+2458501039.0ns 286183176 312420 4.99872e+09
+2459001039.0ns 286494176 311000 4.976e+09
+2459501039.0ns 286806616 312440 4.99904e+09
+2460001039.0ns 287119056 312440 4.99904e+09
+2460501039.0ns 287431496 312440 4.99904e+09
+2461001039.0ns 287743916 312420 4.99872e+09
+2461501039.0ns 288054916 311000 4.976e+09
+2462001039.0ns 288367356 312440 4.99904e+09
+2462501039.0ns 288679796 312440 4.99904e+09
+2463001039.0ns 288992216 312420 4.99872e+09
+2463501039.0ns 289303216 311000 4.976e+09
+2464001039.0ns 289615656 312440 4.99904e+09
+2464501039.0ns 289928096 312440 4.99904e+09
+2465001039.0ns 290240516 312420 4.99872e+09
+2465501039.0ns 290551516 311000 4.976e+09
+2466001039.0ns 290863956 312440 4.99904e+09
+2466501039.0ns 291176396 312440 4.99904e+09
+2467001039.0ns 291488836 312440 4.99904e+09
+2467501039.0ns 291801256 312420 4.99872e+09
+2468001039.0ns 292112256 311000 4.976e+09
+2468501039.0ns 292424696 312440 4.99904e+09
+2469001039.0ns 292737136 312440 4.99904e+09
+2469501039.0ns 293049556 312420 4.99872e+09
+2470001039.0ns 293360556 311000 4.976e+09
+2470501039.0ns 293672996 312440 4.99904e+09
+2471001039.0ns 293985436 312440 4.99904e+09
+2471501039.0ns 294297856 312420 4.99872e+09
+2472001039.0ns 294608856 311000 4.976e+09
+2472501039.0ns 294921296 312440 4.99904e+09
+2473001039.0ns 295233736 312440 4.99904e+09
+2473501039.0ns 295546156 312420 4.99872e+09
+2474001039.0ns 295857156 311000 4.976e+09
+2474501039.0ns 296169596 312440 4.99904e+09
+2475001039.0ns 296482036 312440 4.99904e+09
+2475501039.0ns 296794476 312440 4.99904e+09
+2476001039.0ns 297106896 312420 4.99872e+09
+2476501039.0ns 297417896 311000 4.976e+09
+2477001039.0ns 297730336 312440 4.99904e+09
+2477501039.0ns 298042776 312440 4.99904e+09
+2478001039.0ns 298355196 312420 4.99872e+09
+2478501039.0ns 298666196 311000 4.976e+09
+2479001039.0ns 298978636 312440 4.99904e+09
+2479501039.0ns 299291076 312440 4.99904e+09
+2480001039.0ns 299603496 312420 4.99872e+09
+2480501039.0ns 299914496 311000 4.976e+09
+2481001039.0ns 300226936 312440 4.99904e+09
+2481501039.0ns 300539376 312440 4.99904e+09
+2482001039.0ns 300851816 312440 4.99904e+09
+2482501039.0ns 301162796 310980 4.97568e+09
+2483001039.0ns 301475236 312440 4.99904e+09
+2483501039.0ns 301787676 312440 4.99904e+09
+2484001039.0ns 302100116 312440 4.99904e+09
+2484501039.0ns 302412536 312420 4.99872e+09
+2485001039.0ns 302723536 311000 4.976e+09
+2485501039.0ns 303035976 312440 4.99904e+09
+2486001039.0ns 303348416 312440 4.99904e+09
+2486501039.0ns 303660836 312420 4.99872e+09
+2487001039.0ns 303971836 311000 4.976e+09
+2487501039.0ns 304284276 312440 4.99904e+09
+2488001039.0ns 304596716 312440 4.99904e+09
+2488501039.0ns 304909136 312420 4.99872e+09
+2489001039.0ns 305220136 311000 4.976e+09
+2489501039.0ns 305532576 312440 4.99904e+09
+2490001039.0ns 305845016 312440 4.99904e+09
+2490501039.0ns 306157456 312440 4.99904e+09
+2491001039.0ns 306469876 312420 4.99872e+09
+2491501039.0ns 306780876 311000 4.976e+09
+2492001039.0ns 307093316 312440 4.99904e+09
+2492501039.0ns 307405756 312440 4.99904e+09
+2493001039.0ns 307718176 312420 4.99872e+09
+2493501039.0ns 308029176 311000 4.976e+09
+2494001039.0ns 308341616 312440 4.99904e+09
+2494501039.0ns 308654056 312440 4.99904e+09
+2495001039.0ns 308966476 312420 4.99872e+09
+2495501039.0ns 309277476 311000 4.976e+09
+2496001039.0ns 309589916 312440 4.99904e+09
+2496501039.0ns 309902356 312440 4.99904e+09
+2497001039.0ns 310214796 312440 4.99904e+09
+2497501039.0ns 310525776 310980 4.97568e+09
+2498001039.0ns 310838216 312440 4.99904e+09
+2498501039.0ns 311150656 312440 4.99904e+09
+2499001039.0ns 311463096 312440 4.99904e+09
+2499501039.0ns 311775516 312420 4.99872e+09
+2500001039.0ns 312086516 311000 4.976e+09
+2500501039.0ns 312398956 312440 4.99904e+09
+2501001039.0ns 312711396 312440 4.99904e+09
+2501501039.0ns 313023816 312420 4.99872e+09
+2502001039.0ns 313334816 311000 4.976e+09
+2502501039.0ns 313647256 312440 4.99904e+09
+2503001039.0ns 313959696 312440 4.99904e+09
+2503501039.0ns 314272116 312420 4.99872e+09
+2504001039.0ns 314583116 311000 4.976e+09
+2504501039.0ns 314895556 312440 4.99904e+09
+2505001039.0ns 315207996 312440 4.99904e+09
+2505501039.0ns 315520436 312440 4.99904e+09
+2506001039.0ns 315832856 312420 4.99872e+09
+2506501039.0ns 316143856 311000 4.976e+09
+2507001039.0ns 316456296 312440 4.99904e+09
+2507501039.0ns 316768736 312440 4.99904e+09
+2508001039.0ns 317081156 312420 4.99872e+09
+2508501039.0ns 317392156 311000 4.976e+09
+2509001039.0ns 317704596 312440 4.99904e+09
+2509501039.0ns 318017036 312440 4.99904e+09
+2510001039.0ns 318329456 312420 4.99872e+09
+2510501039.0ns 318640456 311000 4.976e+09
+2511001039.0ns 318952896 312440 4.99904e+09
+2511501039.0ns 319265336 312440 4.99904e+09
+2512001039.0ns 319577776 312440 4.99904e+09
+2512501039.0ns 319888756 310980 4.97568e+09
+2513001039.0ns 320201196 312440 4.99904e+09
+2513501039.0ns 320513636 312440 4.99904e+09
+2514001039.0ns 320826076 312440 4.99904e+09
+2514501039.0ns 321138496 312420 4.99872e+09
+2515001039.0ns 321449496 311000 4.976e+09
+2515501039.0ns 321761936 312440 4.99904e+09
+2516001039.0ns 322074376 312440 4.99904e+09
+2516501039.0ns 322386796 312420 4.99872e+09
+2517001039.0ns 322697796 311000 4.976e+09
+2517501039.0ns 323010236 312440 4.99904e+09
+2518001039.0ns 323322676 312440 4.99904e+09
+2518501039.0ns 323635096 312420 4.99872e+09
+2519001039.0ns 323946096 311000 4.976e+09
+2519501039.0ns 324258536 312440 4.99904e+09
+2520001039.0ns 324570976 312440 4.99904e+09
+2520501039.0ns 324883416 312440 4.99904e+09
+2521001039.0ns 325195836 312420 4.99872e+09
+2521501039.0ns 325506836 311000 4.976e+09
+2522001039.0ns 325819276 312440 4.99904e+09
+2522501039.0ns 326131716 312440 4.99904e+09
+2523001039.0ns 326444136 312420 4.99872e+09
+2523501039.0ns 326755136 311000 4.976e+09
+2524001039.0ns 327067576 312440 4.99904e+09
+2524501039.0ns 327380016 312440 4.99904e+09
+2525001039.0ns 327692436 312420 4.99872e+09
+2525501039.0ns 328003436 311000 4.976e+09
+2526001039.0ns 328315876 312440 4.99904e+09
+2526501039.0ns 328628316 312440 4.99904e+09
+2527001039.0ns 328940756 312440 4.99904e+09
+2527501039.0ns 329251736 310980 4.97568e+09
+2528001039.0ns 329564176 312440 4.99904e+09
+2528501039.0ns 329876616 312440 4.99904e+09
+2529001039.0ns 330189056 312440 4.99904e+09
+2529501039.0ns 330501476 312420 4.99872e+09
+2530001039.0ns 330812476 311000 4.976e+09
+2530501039.0ns 331124916 312440 4.99904e+09
+2531001039.0ns 331437356 312440 4.99904e+09
+2531501039.0ns 331749776 312420 4.99872e+09
+2532001039.0ns 332060776 311000 4.976e+09
+2532501039.0ns 332373216 312440 4.99904e+09
+2533001039.0ns 332685656 312440 4.99904e+09
+2533501039.0ns 332998076 312420 4.99872e+09
+2534001039.0ns 333309076 311000 4.976e+09
+2534501039.0ns 333621516 312440 4.99904e+09
+2535001039.0ns 333933956 312440 4.99904e+09
+2535501039.0ns 334246396 312440 4.99904e+09
+2536001039.0ns 334558816 312420 4.99872e+09
+2536501039.0ns 334869816 311000 4.976e+09
+2537001039.0ns 335182256 312440 4.99904e+09
+2537501039.0ns 335494696 312440 4.99904e+09
+2538001039.0ns 335807116 312420 4.99872e+09
+2538501039.0ns 336118116 311000 4.976e+09
+2539001039.0ns 336430556 312440 4.99904e+09
+2539501039.0ns 336742996 312440 4.99904e+09
+2540001039.0ns 337055416 312420 4.99872e+09
+2540501039.0ns 337366416 311000 4.976e+09
+2541001039.0ns 337678856 312440 4.99904e+09
+2541501039.0ns 337991296 312440 4.99904e+09
+2542001039.0ns 338303736 312440 4.99904e+09
+2542501039.0ns 338614716 310980 4.97568e+09
+2543001039.0ns 338927156 312440 4.99904e+09
+2543501039.0ns 339239596 312440 4.99904e+09
+2544001039.0ns 339552036 312440 4.99904e+09
+2544501039.0ns 339864456 312420 4.99872e+09
+2545001039.0ns 340175456 311000 4.976e+09
+2545501039.0ns 340487896 312440 4.99904e+09
+2546001039.0ns 340800336 312440 4.99904e+09
+2546501039.0ns 341112756 312420 4.99872e+09
+2547001039.0ns 341423756 311000 4.976e+09
+2547501039.0ns 341736196 312440 4.99904e+09
+2548001039.0ns 342048636 312440 4.99904e+09
+2548501039.0ns 342361056 312420 4.99872e+09
+2549001039.0ns 342672056 311000 4.976e+09
+2549501039.0ns 342984496 312440 4.99904e+09
+2550001039.0ns 343296936 312440 4.99904e+09
+2550501039.0ns 343609376 312440 4.99904e+09
+2551001039.0ns 343921796 312420 4.99872e+09
+2551501039.0ns 344232796 311000 4.976e+09
+2552001039.0ns 344545236 312440 4.99904e+09
+2552501039.0ns 344857676 312440 4.99904e+09
+2553001039.0ns 345170096 312420 4.99872e+09
+2553501039.0ns 345481096 311000 4.976e+09
+2554001039.0ns 345793536 312440 4.99904e+09
+2554501039.0ns 346105976 312440 4.99904e+09
+2555001039.0ns 346418396 312420 4.99872e+09
+2555501039.0ns 346729396 311000 4.976e+09
+2556001039.0ns 347041836 312440 4.99904e+09
+2556501039.0ns 347354276 312440 4.99904e+09
+2557001039.0ns 347666696 312420 4.99872e+09
+2557501039.0ns 347977696 311000 4.976e+09
+2558001039.0ns 348290136 312440 4.99904e+09
+2558501039.0ns 348602576 312440 4.99904e+09
+2559001039.0ns 348915016 312440 4.99904e+09
+2559501039.0ns 349227436 312420 4.99872e+09
+2560001039.0ns 349538436 311000 4.976e+09
+2560501039.0ns 349850876 312440 4.99904e+09
+2561001039.0ns 350163316 312440 4.99904e+09
+2561501039.0ns 350475736 312420 4.99872e+09
+2562001039.0ns 350786736 311000 4.976e+09
+2562501039.0ns 351099176 312440 4.99904e+09
+2563001039.0ns 351411616 312440 4.99904e+09
+2563501039.0ns 351724036 312420 4.99872e+09
+2564001039.0ns 352035036 311000 4.976e+09
+2564501039.0ns 352347476 312440 4.99904e+09
+2565001039.0ns 352659916 312440 4.99904e+09
+2565501039.0ns 352972356 312440 4.99904e+09
+2566001039.0ns 353284776 312420 4.99872e+09
+2566501039.0ns 353595776 311000 4.976e+09
+2567001039.0ns 353908216 312440 4.99904e+09
+2567501039.0ns 354220656 312440 4.99904e+09
+2568001039.0ns 354533076 312420 4.99872e+09
+2568501039.0ns 354844076 311000 4.976e+09
+2569001039.0ns 355156516 312440 4.99904e+09
+2569501039.0ns 355468956 312440 4.99904e+09
+2570001039.0ns 355781376 312420 4.99872e+09
+2570501039.0ns 356092376 311000 4.976e+09
+2571001039.0ns 356404816 312440 4.99904e+09
+2571501039.0ns 356717256 312440 4.99904e+09
+2572001039.0ns 357029676 312420 4.99872e+09
+2572501039.0ns 357340676 311000 4.976e+09
+2573001039.0ns 357653116 312440 4.99904e+09
+2573501039.0ns 357965556 312440 4.99904e+09
+2574001039.0ns 358277996 312440 4.99904e+09
+2574501039.0ns 358590416 312420 4.99872e+09
+2575001039.0ns 358901416 311000 4.976e+09
+2575501039.0ns 359213856 312440 4.99904e+09
+2576001039.0ns 359526296 312440 4.99904e+09
+2576501039.0ns 359838716 312420 4.99872e+09
+2577001039.0ns 360149716 311000 4.976e+09
+2577501039.0ns 360462156 312440 4.99904e+09
+2578001039.0ns 360774596 312440 4.99904e+09
+2578501039.0ns 361087016 312420 4.99872e+09
+2579001039.0ns 361398016 311000 4.976e+09
+2579501039.0ns 361710456 312440 4.99904e+09
+2580001039.0ns 362022896 312440 4.99904e+09
+2580501039.0ns 362335336 312440 4.99904e+09
+2581001039.0ns 362647756 312420 4.99872e+09
+2581501039.0ns 362958756 311000 4.976e+09
+2582001039.0ns 363271196 312440 4.99904e+09
+2582501039.0ns 363583636 312440 4.99904e+09
+2583001039.0ns 363896056 312420 4.99872e+09
+2583501039.0ns 364207056 311000 4.976e+09
+2584001039.0ns 364519496 312440 4.99904e+09
+2584501039.0ns 364831936 312440 4.99904e+09
+2585001039.0ns 365144356 312420 4.99872e+09
+2585501039.0ns 365455356 311000 4.976e+09
+2586001039.0ns 365767796 312440 4.99904e+09
+2586501039.0ns 366080236 312440 4.99904e+09
+2587001039.0ns 366392656 312420 4.99872e+09
+2587501039.0ns 366703656 311000 4.976e+09
+2588001039.0ns 367016096 312440 4.99904e+09
+2588501039.0ns 367328536 312440 4.99904e+09
+2589001039.0ns 367640976 312440 4.99904e+09
+2589501039.0ns 367953396 312420 4.99872e+09
+2590001039.0ns 368264396 311000 4.976e+09
+2590501039.0ns 368576836 312440 4.99904e+09
+2591001039.0ns 368889276 312440 4.99904e+09
+2591501039.0ns 369201696 312420 4.99872e+09
+2592001039.0ns 369512696 311000 4.976e+09
+2592501039.0ns 369825136 312440 4.99904e+09
+2593001039.0ns 370137576 312440 4.99904e+09
+2593501039.0ns 370449996 312420 4.99872e+09
+2594001039.0ns 370760996 311000 4.976e+09
+2594501039.0ns 371073436 312440 4.99904e+09
+2595001039.0ns 371385876 312440 4.99904e+09
+2595501039.0ns 371698316 312440 4.99904e+09
+2596001039.0ns 372010736 312420 4.99872e+09
+2596501039.0ns 372321736 311000 4.976e+09
+2597001039.0ns 372634176 312440 4.99904e+09
+2597501039.0ns 372946616 312440 4.99904e+09
+2598001039.0ns 373259036 312420 4.99872e+09
+2598501039.0ns 373570036 311000 4.976e+09
+2599001039.0ns 373882476 312440 4.99904e+09
+2599501039.0ns 374194916 312440 4.99904e+09
+2600001039.0ns 374507336 312420 4.99872e+09
+2600501039.0ns 374818336 311000 4.976e+09
+2601001039.0ns 375130776 312440 4.99904e+09
+2601501039.0ns 375443216 312440 4.99904e+09
+2602001039.0ns 375755636 312420 4.99872e+09
+2602501039.0ns 376066636 311000 4.976e+09
+2603001039.0ns 376379076 312440 4.99904e+09
+2603501039.0ns 376691516 312440 4.99904e+09
+2604001039.0ns 377003956 312440 4.99904e+09
+2604501039.0ns 377316376 312420 4.99872e+09
+2605001039.0ns 377627376 311000 4.976e+09
+2605501039.0ns 377939816 312440 4.99904e+09
+2606001039.0ns 378252256 312440 4.99904e+09
+2606501039.0ns 378564676 312420 4.99872e+09
+2607001039.0ns 378875676 311000 4.976e+09
+2607501039.0ns 379188116 312440 4.99904e+09
+2608001039.0ns 379500556 312440 4.99904e+09
+2608501039.0ns 379812976 312420 4.99872e+09
+2609001039.0ns 380123976 311000 4.976e+09
+2609501039.0ns 380436416 312440 4.99904e+09
+2610001039.0ns 380748856 312440 4.99904e+09
+2610501039.0ns 381061296 312440 4.99904e+09
+2611001039.0ns 381373716 312420 4.99872e+09
+2611501039.0ns 381684716 311000 4.976e+09
+2612001039.0ns 381997156 312440 4.99904e+09
+2612501039.0ns 382309596 312440 4.99904e+09
+2613001039.0ns 382622016 312420 4.99872e+09
+2613501039.0ns 382933016 311000 4.976e+09
+2614001039.0ns 383245456 312440 4.99904e+09
+2614501039.0ns 383557896 312440 4.99904e+09
+2615001039.0ns 383870316 312420 4.99872e+09
+2615501039.0ns 384181316 311000 4.976e+09
+2616001039.0ns 384493756 312440 4.99904e+09
+2616501039.0ns 384806196 312440 4.99904e+09
+2617001039.0ns 385118616 312420 4.99872e+09
+2617501039.0ns 385429616 311000 4.976e+09
+2618001039.0ns 385742056 312440 4.99904e+09
+2618501039.0ns 386054496 312440 4.99904e+09
+2619001039.0ns 386366936 312440 4.99904e+09
+2619501039.0ns 386679356 312420 4.99872e+09
+2620001039.0ns 386990356 311000 4.976e+09
+2620501039.0ns 387302796 312440 4.99904e+09
+2621001039.0ns 387615236 312440 4.99904e+09
+2621501039.0ns 387927656 312420 4.99872e+09
+2622001039.0ns 388238656 311000 4.976e+09
+2622501039.0ns 388551096 312440 4.99904e+09
+2623001039.0ns 388863536 312440 4.99904e+09
+2623501039.0ns 389175956 312420 4.99872e+09
+2624001039.0ns 389486956 311000 4.976e+09
+2624501039.0ns 389799396 312440 4.99904e+09
+2625001039.0ns 390111836 312440 4.99904e+09
+2625501039.0ns 390424276 312440 4.99904e+09
+2626001039.0ns 390736696 312420 4.99872e+09
+2626501039.0ns 391047696 311000 4.976e+09
+2627001039.0ns 391360136 312440 4.99904e+09
+2627501039.0ns 391672576 312440 4.99904e+09
+2628001039.0ns 391984996 312420 4.99872e+09
+2628501039.0ns 392295996 311000 4.976e+09
+2629001039.0ns 392608436 312440 4.99904e+09
+2629501039.0ns 392920876 312440 4.99904e+09
+2630001039.0ns 393233296 312420 4.99872e+09
+2630501039.0ns 393544296 311000 4.976e+09
+2631001039.0ns 393856736 312440 4.99904e+09
+2631501039.0ns 394169176 312440 4.99904e+09
+2632001039.0ns 394481596 312420 4.99872e+09
+2632501039.0ns 394792596 311000 4.976e+09
+2633001039.0ns 395105036 312440 4.99904e+09
+2633501039.0ns 395417476 312440 4.99904e+09
+2634001039.0ns 395729916 312440 4.99904e+09
+2634501039.0ns 396042336 312420 4.99872e+09
+2635001039.0ns 396353336 311000 4.976e+09
+2635501039.0ns 396665776 312440 4.99904e+09
+2636001039.0ns 396978216 312440 4.99904e+09
+2636501039.0ns 397290636 312420 4.99872e+09
+2637001039.0ns 397601636 311000 4.976e+09
+2637501039.0ns 397914076 312440 4.99904e+09
+2638001039.0ns 398226516 312440 4.99904e+09
+2638501039.0ns 398538936 312420 4.99872e+09
+2639001039.0ns 398849936 311000 4.976e+09
+2639501039.0ns 399162376 312440 4.99904e+09
+2640001039.0ns 399474816 312440 4.99904e+09
+2640501039.0ns 399787256 312440 4.99904e+09
+2641001039.0ns 400098236 310980 4.97568e+09
+2641501039.0ns 400410676 312440 4.99904e+09
+2642001039.0ns 400723116 312440 4.99904e+09
+2642501039.0ns 401035556 312440 4.99904e+09
+2643001039.0ns 401347976 312420 4.99872e+09
+2643501039.0ns 401658976 311000 4.976e+09
+2644001039.0ns 401971416 312440 4.99904e+09
+2644501039.0ns 402283856 312440 4.99904e+09
+2645001039.0ns 402596276 312420 4.99872e+09
+2645501039.0ns 402907276 311000 4.976e+09
+2646001039.0ns 403219716 312440 4.99904e+09
+2646501039.0ns 403532156 312440 4.99904e+09
+2647001039.0ns 403844576 312420 4.99872e+09
+2647501039.0ns 404155576 311000 4.976e+09
+2648001039.0ns 404468016 312440 4.99904e+09
+2648501039.0ns 404780456 312440 4.99904e+09
+2649001039.0ns 405092896 312440 4.99904e+09
+2649501039.0ns 405405316 312420 4.99872e+09
+2650001039.0ns 405716316 311000 4.976e+09
+2650501039.0ns 406028756 312440 4.99904e+09
+2651001039.0ns 406341196 312440 4.99904e+09
+2651501039.0ns 406653616 312420 4.99872e+09
+2652001039.0ns 406964616 311000 4.976e+09
+2652501039.0ns 407277056 312440 4.99904e+09
+2653001039.0ns 407589496 312440 4.99904e+09
+2653501039.0ns 407901916 312420 4.99872e+09
+2654001039.0ns 408212916 311000 4.976e+09
+2654501039.0ns 408525356 312440 4.99904e+09
+2655001039.0ns 408837796 312440 4.99904e+09
+2655501039.0ns 409150236 312440 4.99904e+09
+2656001039.0ns 409461216 310980 4.97568e+09
+2656501039.0ns 409773656 312440 4.99904e+09
+2657001039.0ns 410086096 312440 4.99904e+09
+2657501039.0ns 410398536 312440 4.99904e+09
+2658001039.0ns 410710956 312420 4.99872e+09
+2658501039.0ns 411021956 311000 4.976e+09
+2659001039.0ns 411334396 312440 4.99904e+09
+2659501039.0ns 411646836 312440 4.99904e+09
+2660001039.0ns 411959256 312420 4.99872e+09
+2660501039.0ns 412270256 311000 4.976e+09
+2661001039.0ns 412582696 312440 4.99904e+09
+2661501039.0ns 412895136 312440 4.99904e+09
+2662001039.0ns 413207556 312420 4.99872e+09
+2662501039.0ns 413518556 311000 4.976e+09
+2663001039.0ns 413830996 312440 4.99904e+09
+2663501039.0ns 414143436 312440 4.99904e+09
+2664001039.0ns 414455876 312440 4.99904e+09
+2664501039.0ns 414768296 312420 4.99872e+09
+2665001039.0ns 415079296 311000 4.976e+09
+2665501039.0ns 415391736 312440 4.99904e+09
+2666001039.0ns 415704176 312440 4.99904e+09
+2666501039.0ns 416016596 312420 4.99872e+09
+2667001039.0ns 416327596 311000 4.976e+09
+2667501039.0ns 416640036 312440 4.99904e+09
+2668001039.0ns 416952476 312440 4.99904e+09
+2668501039.0ns 417264896 312420 4.99872e+09
+2669001039.0ns 417575896 311000 4.976e+09
+2669501039.0ns 417888336 312440 4.99904e+09
+2670001039.0ns 418200776 312440 4.99904e+09
+2670501039.0ns 418513216 312440 4.99904e+09
+2671001039.0ns 418824196 310980 4.97568e+09
+2671501039.0ns 419136636 312440 4.99904e+09
+2672001039.0ns 419449076 312440 4.99904e+09
+2672501039.0ns 419761516 312440 4.99904e+09
+2673001039.0ns 420073936 312420 4.99872e+09
+2673501039.0ns 420384936 311000 4.976e+09
+2674001039.0ns 420697376 312440 4.99904e+09
+2674501039.0ns 421009816 312440 4.99904e+09
+2675001039.0ns 421322236 312420 4.99872e+09
+2675501039.0ns 421633236 311000 4.976e+09
+2676001039.0ns 421945676 312440 4.99904e+09
+2676501039.0ns 422258116 312440 4.99904e+09
+2677001039.0ns 422570536 312420 4.99872e+09
+2677501039.0ns 422881536 311000 4.976e+09
+2678001039.0ns 423193976 312440 4.99904e+09
+2678501039.0ns 423506416 312440 4.99904e+09
+2679001039.0ns 423818856 312440 4.99904e+09
+2679501039.0ns 424131276 312420 4.99872e+09
+2680001039.0ns 424442276 311000 4.976e+09
+2680501039.0ns 424754716 312440 4.99904e+09
+2681001039.0ns 425067156 312440 4.99904e+09
+2681501039.0ns 425379576 312420 4.99872e+09
+2682001039.0ns 425690576 311000 4.976e+09
+2682501039.0ns 426003016 312440 4.99904e+09
+2683001039.0ns 426315456 312440 4.99904e+09
+2683501039.0ns 426627876 312420 4.99872e+09
+2684001039.0ns 426938876 311000 4.976e+09
+2684501039.0ns 427251316 312440 4.99904e+09
+2685001039.0ns 427563756 312440 4.99904e+09
+2685501039.0ns 427876196 312440 4.99904e+09
+2686001039.0ns 428187176 310980 4.97568e+09
+2686501039.0ns 428499616 312440 4.99904e+09
+2687001039.0ns 428812056 312440 4.99904e+09
+2687501039.0ns 429124496 312440 4.99904e+09
+2688001039.0ns 429436916 312420 4.99872e+09
+2688501039.0ns 429747916 311000 4.976e+09
+2689001039.0ns 430060356 312440 4.99904e+09
+2689501039.0ns 430372796 312440 4.99904e+09
+2690001039.0ns 430685216 312420 4.99872e+09
+2690501039.0ns 430996216 311000 4.976e+09
+2691001039.0ns 431308656 312440 4.99904e+09
+2691501039.0ns 431621096 312440 4.99904e+09
+2692001039.0ns 431933516 312420 4.99872e+09
+2692501039.0ns 432244516 311000 4.976e+09
+2693001039.0ns 432556956 312440 4.99904e+09
+2693501039.0ns 432869396 312440 4.99904e+09
+2694001039.0ns 433181836 312440 4.99904e+09
+2694501039.0ns 433494256 312420 4.99872e+09
+2695001039.0ns 433805256 311000 4.976e+09
+2695501039.0ns 434117696 312440 4.99904e+09
+2696001039.0ns 434430136 312440 4.99904e+09
+2696501039.0ns 434742556 312420 4.99872e+09
+2697001039.0ns 435053556 311000 4.976e+09
+2697501039.0ns 435365996 312440 4.99904e+09
+2698001039.0ns 435678436 312440 4.99904e+09
+2698501039.0ns 435990856 312420 4.99872e+09
+2699001039.0ns 436301856 311000 4.976e+09
+2699501039.0ns 436614296 312440 4.99904e+09
+2700001039.0ns 436926736 312440 4.99904e+09
+2700501039.0ns 437239176 312440 4.99904e+09
+2701001039.0ns 437550156 310980 4.97568e+09
+2701501039.0ns 437862596 312440 4.99904e+09
+2702001039.0ns 438175036 312440 4.99904e+09
+2702501039.0ns 438487476 312440 4.99904e+09
+2703001039.0ns 438799896 312420 4.99872e+09
+2703501039.0ns 439110896 311000 4.976e+09
+2704001039.0ns 439423336 312440 4.99904e+09
+2704501039.0ns 439735776 312440 4.99904e+09
+2705001039.0ns 440048196 312420 4.99872e+09
+2705501039.0ns 440359196 311000 4.976e+09
+2706001039.0ns 440671636 312440 4.99904e+09
+2706501039.0ns 440984076 312440 4.99904e+09
+2707001039.0ns 441296496 312420 4.99872e+09
+2707501039.0ns 441607496 311000 4.976e+09
+2708001039.0ns 441919936 312440 4.99904e+09
+2708501039.0ns 442232376 312440 4.99904e+09
+2709001039.0ns 442544816 312440 4.99904e+09
+2709501039.0ns 442857236 312420 4.99872e+09
+2710001039.0ns 443168236 311000 4.976e+09
+2710501039.0ns 443480676 312440 4.99904e+09
+2711001039.0ns 443793116 312440 4.99904e+09
+2711501039.0ns 444105536 312420 4.99872e+09
+2712001039.0ns 444416536 311000 4.976e+09
+2712501039.0ns 444728976 312440 4.99904e+09
+2713001039.0ns 445041416 312440 4.99904e+09
+2713501039.0ns 445353836 312420 4.99872e+09
+2714001039.0ns 445664836 311000 4.976e+09
+2714501039.0ns 445977276 312440 4.99904e+09
+2715001039.0ns 446289716 312440 4.99904e+09
+2715501039.0ns 446602136 312420 4.99872e+09
+2716001039.0ns 446913136 311000 4.976e+09
+2716501039.0ns 447225576 312440 4.99904e+09
+2717001039.0ns 447538016 312440 4.99904e+09
+2717501039.0ns 447850456 312440 4.99904e+09
+2718001039.0ns 448162876 312420 4.99872e+09
+2718501039.0ns 448473876 311000 4.976e+09
+2719001039.0ns 448786316 312440 4.99904e+09
+2719501039.0ns 449098756 312440 4.99904e+09
+2720001039.0ns 449411176 312420 4.99872e+09
+2720501039.0ns 449722176 311000 4.976e+09
+2721001039.0ns 450034616 312440 4.99904e+09
+2721501039.0ns 450347056 312440 4.99904e+09
+2722001039.0ns 450659476 312420 4.99872e+09
+2722501039.0ns 450970476 311000 4.976e+09
+2723001039.0ns 451282916 312440 4.99904e+09
+2723501039.0ns 451595356 312440 4.99904e+09
+2724001039.0ns 451907796 312440 4.99904e+09
+2724501039.0ns 452220216 312420 4.99872e+09
+2725001039.0ns 452531216 311000 4.976e+09
+2725501039.0ns 452843656 312440 4.99904e+09
+2726001039.0ns 453156096 312440 4.99904e+09
+2726501039.0ns 453468516 312420 4.99872e+09
+2727001039.0ns 453779516 311000 4.976e+09
+2727501039.0ns 454091956 312440 4.99904e+09
+2728001039.0ns 454404396 312440 4.99904e+09
+2728501039.0ns 454716816 312420 4.99872e+09
+2729001039.0ns 455027816 311000 4.976e+09
+2729501039.0ns 455340256 312440 4.99904e+09
+2730001039.0ns 455652696 312440 4.99904e+09
+2730501039.0ns 455965116 312420 4.99872e+09
+2731001039.0ns 456276116 311000 4.976e+09
+2731501039.0ns 456588556 312440 4.99904e+09
+2732001039.0ns 456900996 312440 4.99904e+09
+2732501039.0ns 457213436 312440 4.99904e+09
+2733001039.0ns 457525856 312420 4.99872e+09
+2733501039.0ns 457836856 311000 4.976e+09
+2734001039.0ns 458149296 312440 4.99904e+09
+2734501039.0ns 458461736 312440 4.99904e+09
+2735001039.0ns 458774156 312420 4.99872e+09
+2735501039.0ns 459085156 311000 4.976e+09
+2736001039.0ns 459397596 312440 4.99904e+09
+2736501039.0ns 459710036 312440 4.99904e+09
+2737001039.0ns 460022456 312420 4.99872e+09
+2737501039.0ns 460333456 311000 4.976e+09
+2738001039.0ns 460645896 312440 4.99904e+09
+2738501039.0ns 460958336 312440 4.99904e+09
+2739001039.0ns 461270776 312440 4.99904e+09
+2739501039.0ns 461583196 312420 4.99872e+09
+2740001039.0ns 461894196 311000 4.976e+09
+2740501039.0ns 462206636 312440 4.99904e+09
+2741001039.0ns 462519076 312440 4.99904e+09
+2741501039.0ns 462831496 312420 4.99872e+09
+2742001039.0ns 463142496 311000 4.976e+09
+2742501039.0ns 463454936 312440 4.99904e+09
+2743001039.0ns 463767376 312440 4.99904e+09
+2743501039.0ns 464079796 312420 4.99872e+09
+2744001039.0ns 464390796 311000 4.976e+09
+2744501039.0ns 464703236 312440 4.99904e+09
+2745001039.0ns 465015676 312440 4.99904e+09
+2745501039.0ns 465328096 312420 4.99872e+09
+2746001039.0ns 465639096 311000 4.976e+09
+2746501039.0ns 465951536 312440 4.99904e+09
+2747001039.0ns 466263976 312440 4.99904e+09
+2747501039.0ns 466576416 312440 4.99904e+09
+2748001039.0ns 466888836 312420 4.99872e+09
+2748501039.0ns 467199836 311000 4.976e+09
+2749001039.0ns 467512276 312440 4.99904e+09
+2749501039.0ns 467824716 312440 4.99904e+09
+2750001039.0ns 468137136 312420 4.99872e+09
+2750501039.0ns 468448136 311000 4.976e+09
+2751001039.0ns 468760576 312440 4.99904e+09
+2751501039.0ns 469073016 312440 4.99904e+09
+2752001039.0ns 469385436 312420 4.99872e+09
+2752501039.0ns 469696436 311000 4.976e+09
+2753001039.0ns 470008876 312440 4.99904e+09
+2753501039.0ns 470321316 312440 4.99904e+09
+2754001039.0ns 470633756 312440 4.99904e+09
+2754501039.0ns 470946176 312420 4.99872e+09
+2755001039.0ns 471257176 311000 4.976e+09
+2755501039.0ns 471569616 312440 4.99904e+09
+2756001039.0ns 471882056 312440 4.99904e+09
+2756501039.0ns 472194476 312420 4.99872e+09
+2757001039.0ns 472505476 311000 4.976e+09
+2757501039.0ns 472817916 312440 4.99904e+09
+2758001039.0ns 473130356 312440 4.99904e+09
+2758501039.0ns 473442776 312420 4.99872e+09
+2759001039.0ns 473753776 311000 4.976e+09
+2759501039.0ns 474066216 312440 4.99904e+09
+2760001039.0ns 474378656 312440 4.99904e+09
+2760501039.0ns 474691076 312420 4.99872e+09
+2761001039.0ns 475002076 311000 4.976e+09
+2761501039.0ns 475314516 312440 4.99904e+09
+2762001039.0ns 475626956 312440 4.99904e+09
+2762501039.0ns 475939396 312440 4.99904e+09
+2763001039.0ns 476251816 312420 4.99872e+09
+2763501039.0ns 476562816 311000 4.976e+09
+2764001039.0ns 476875256 312440 4.99904e+09
+2764501039.0ns 477187696 312440 4.99904e+09
+2765001039.0ns 477500116 312420 4.99872e+09
+2765501039.0ns 477811116 311000 4.976e+09
+2766001039.0ns 478123556 312440 4.99904e+09
+2766501039.0ns 478435996 312440 4.99904e+09
+2767001039.0ns 478748416 312420 4.99872e+09
+2767501039.0ns 479059416 311000 4.976e+09
+2768001039.0ns 479371856 312440 4.99904e+09
+2768501039.0ns 479684296 312440 4.99904e+09
+2769001039.0ns 479996736 312440 4.99904e+09
+2769501039.0ns 480309156 312420 4.99872e+09
+2770001039.0ns 480620156 311000 4.976e+09
+2770501039.0ns 480932596 312440 4.99904e+09
+2771001039.0ns 481245036 312440 4.99904e+09
+2771501039.0ns 481557456 312420 4.99872e+09
+2772001039.0ns 481868456 311000 4.976e+09
+2772501039.0ns 482180896 312440 4.99904e+09
+2773001039.0ns 482493336 312440 4.99904e+09
+2773501039.0ns 482805756 312420 4.99872e+09
+2774001039.0ns 483116756 311000 4.976e+09
+2774501039.0ns 483429196 312440 4.99904e+09
+2775001039.0ns 483741636 312440 4.99904e+09
+2775501039.0ns 484054056 312420 4.99872e+09
+2776001039.0ns 484365056 311000 4.976e+09
+2776501039.0ns 484677496 312440 4.99904e+09
+2777001039.0ns 484989936 312440 4.99904e+09
+2777501039.0ns 485302376 312440 4.99904e+09
+2778001039.0ns 485614796 312420 4.99872e+09
+2778501039.0ns 485925796 311000 4.976e+09
+2779001039.0ns 486238236 312440 4.99904e+09
+2779501039.0ns 486550676 312440 4.99904e+09
+2780001039.0ns 486863096 312420 4.99872e+09
+2780501039.0ns 487174096 311000 4.976e+09
+2781001039.0ns 487486536 312440 4.99904e+09
+2781501039.0ns 487798976 312440 4.99904e+09
+2782001039.0ns 488111396 312420 4.99872e+09
+2782501039.0ns 488422396 311000 4.976e+09
+2783001039.0ns 488734836 312440 4.99904e+09
+2783501039.0ns 489047276 312440 4.99904e+09
+2784001039.0ns 489359716 312440 4.99904e+09
+2784501039.0ns 489672136 312420 4.99872e+09
+2785001039.0ns 489983136 311000 4.976e+09
+2785501039.0ns 490295576 312440 4.99904e+09
+2786001039.0ns 490608016 312440 4.99904e+09
+2786501039.0ns 490920436 312420 4.99872e+09
+2787001039.0ns 491231436 311000 4.976e+09
+2787501039.0ns 491543876 312440 4.99904e+09
+2788001039.0ns 491856316 312440 4.99904e+09
+2788501039.0ns 492168736 312420 4.99872e+09
+2789001039.0ns 492479736 311000 4.976e+09
+2789501039.0ns 492792176 312440 4.99904e+09
+2790001039.0ns 493104616 312440 4.99904e+09
+2790501039.0ns 493417036 312420 4.99872e+09
+2791001039.0ns 493728036 311000 4.976e+09
+2791501039.0ns 494040476 312440 4.99904e+09
+2792001039.0ns 494352916 312440 4.99904e+09
+2792501039.0ns 494665356 312440 4.99904e+09
+2793001039.0ns 494977776 312420 4.99872e+09
+2793501039.0ns 495288776 311000 4.976e+09
+2794001039.0ns 495601216 312440 4.99904e+09
+2794501039.0ns 495913656 312440 4.99904e+09
+2795001039.0ns 496226076 312420 4.99872e+09
+2795501039.0ns 496537076 311000 4.976e+09
+2796001039.0ns 496849516 312440 4.99904e+09
+2796501039.0ns 497161956 312440 4.99904e+09
+2797001039.0ns 497474376 312420 4.99872e+09
+2797501039.0ns 497785376 311000 4.976e+09
+2798001039.0ns 498097816 312440 4.99904e+09
+2798501039.0ns 498410256 312440 4.99904e+09
+2799001039.0ns 498722696 312440 4.99904e+09
+2799501039.0ns 499035116 312420 4.99872e+09
+2800001039.0ns 499346116 311000 4.976e+09
+2800501039.0ns 499658556 312440 4.99904e+09
+2801001039.0ns 499970996 312440 4.99904e+09
+2801501039.0ns 500283416 312420 4.99872e+09
+2802001039.0ns 500594416 311000 4.976e+09
+2802501039.0ns 500906856 312440 4.99904e+09
+2803001039.0ns 501219296 312440 4.99904e+09
+2803501039.0ns 501531716 312420 4.99872e+09
+2804001039.0ns 501842716 311000 4.976e+09
+2804501039.0ns 502155156 312440 4.99904e+09
+2805001039.0ns 502467596 312440 4.99904e+09
+2805501039.0ns 502780016 312420 4.99872e+09
+2806001039.0ns 503091016 311000 4.976e+09
+2806501039.0ns 503403456 312440 4.99904e+09
+2807001039.0ns 503715896 312440 4.99904e+09
+2807501039.0ns 504028336 312440 4.99904e+09
+2808001039.0ns 504340756 312420 4.99872e+09
+2808501039.0ns 504651756 311000 4.976e+09
+2809001039.0ns 504964196 312440 4.99904e+09
+2809501039.0ns 505276636 312440 4.99904e+09
+2810001039.0ns 505589056 312420 4.99872e+09
+2810501039.0ns 505900056 311000 4.976e+09
+2811001039.0ns 506212496 312440 4.99904e+09
+2811501039.0ns 506524936 312440 4.99904e+09
+2812001039.0ns 506837356 312420 4.99872e+09
+2812501039.0ns 507148356 311000 4.976e+09
+2813001039.0ns 507460796 312440 4.99904e+09
+2813501039.0ns 507773236 312440 4.99904e+09
+2814001039.0ns 508085676 312440 4.99904e+09
+2814501039.0ns 508396656 310980 4.97568e+09
+2815001039.0ns 508709096 312440 4.99904e+09
+2815501039.0ns 509021536 312440 4.99904e+09
+2816001039.0ns 509333976 312440 4.99904e+09
+2816501039.0ns 509646396 312420 4.99872e+09
+2817001039.0ns 509957396 311000 4.976e+09
+2817501039.0ns 510269836 312440 4.99904e+09
+2818001039.0ns 510582276 312440 4.99904e+09
+2818501039.0ns 510894696 312420 4.99872e+09
+2819001039.0ns 511205696 311000 4.976e+09
+2819501039.0ns 511518136 312440 4.99904e+09
+2820001039.0ns 511830576 312440 4.99904e+09
+2820501039.0ns 512142996 312420 4.99872e+09
+2821001039.0ns 512453996 311000 4.976e+09
+2821501039.0ns 512766436 312440 4.99904e+09
+2822001039.0ns 513078876 312440 4.99904e+09
+2822501039.0ns 513391316 312440 4.99904e+09
+2823001039.0ns 513703736 312420 4.99872e+09
+2823501039.0ns 514014736 311000 4.976e+09
+2824001039.0ns 514327176 312440 4.99904e+09
+2824501039.0ns 514639616 312440 4.99904e+09
+2825001039.0ns 514952036 312420 4.99872e+09
+2825501039.0ns 515263036 311000 4.976e+09
+2826001039.0ns 515575476 312440 4.99904e+09
+2826501039.0ns 515887916 312440 4.99904e+09
+2827001039.0ns 516200336 312420 4.99872e+09
+2827501039.0ns 516511336 311000 4.976e+09
+2828001039.0ns 516823776 312440 4.99904e+09
+2828501039.0ns 517136216 312440 4.99904e+09
+2829001039.0ns 517448656 312440 4.99904e+09
+2829501039.0ns 517759636 310980 4.97568e+09
+2830001039.0ns 518072076 312440 4.99904e+09
+2830501039.0ns 518384516 312440 4.99904e+09
+2831001039.0ns 518696956 312440 4.99904e+09
+2831501039.0ns 519009376 312420 4.99872e+09
+2832001039.0ns 519320376 311000 4.976e+09
+2832501039.0ns 519632816 312440 4.99904e+09
+2833001039.0ns 519945256 312440 4.99904e+09
+2833501039.0ns 520257676 312420 4.99872e+09
+2834001039.0ns 520568676 311000 4.976e+09
+2834501039.0ns 520881116 312440 4.99904e+09
+2835001039.0ns 521193556 312440 4.99904e+09
+2835501039.0ns 521505976 312420 4.99872e+09
+2836001039.0ns 521816976 311000 4.976e+09
+2836501039.0ns 522129416 312440 4.99904e+09
+2837001039.0ns 522441856 312440 4.99904e+09
+2837501039.0ns 522754296 312440 4.99904e+09
+2838001039.0ns 523066716 312420 4.99872e+09
+2838501039.0ns 523377716 311000 4.976e+09
+2839001039.0ns 523690156 312440 4.99904e+09
+2839501039.0ns 524002596 312440 4.99904e+09
+2840001039.0ns 524315016 312420 4.99872e+09
+2840501039.0ns 524626016 311000 4.976e+09
+2841001039.0ns 524938456 312440 4.99904e+09
+2841501039.0ns 525250896 312440 4.99904e+09
+2842001039.0ns 525563316 312420 4.99872e+09
+2842501039.0ns 525874316 311000 4.976e+09
+2843001039.0ns 526186756 312440 4.99904e+09
+2843501039.0ns 526499196 312440 4.99904e+09
+2844001039.0ns 526811636 312440 4.99904e+09
+2844501039.0ns 527122616 310980 4.97568e+09
+2845001039.0ns 527435056 312440 4.99904e+09
+2845501039.0ns 527747496 312440 4.99904e+09
+2846001039.0ns 528059936 312440 4.99904e+09
+2846501039.0ns 528372356 312420 4.99872e+09
+2847001039.0ns 528683356 311000 4.976e+09
+2847501039.0ns 528995796 312440 4.99904e+09
+2848001039.0ns 529308236 312440 4.99904e+09
+2848501039.0ns 529620656 312420 4.99872e+09
+2849001039.0ns 529931656 311000 4.976e+09
+2849501039.0ns 530244096 312440 4.99904e+09
+2850001039.0ns 530556536 312440 4.99904e+09
+2850501039.0ns 530868956 312420 4.99872e+09
+2851001039.0ns 531179956 311000 4.976e+09
+2851501039.0ns 531492396 312440 4.99904e+09
+2852001039.0ns 531804836 312440 4.99904e+09
+2852501039.0ns 532117276 312440 4.99904e+09
+2853001039.0ns 532429696 312420 4.99872e+09
+2853501039.0ns 532740696 311000 4.976e+09
+2854001039.0ns 533053136 312440 4.99904e+09
+2854501039.0ns 533365576 312440 4.99904e+09
+2855001039.0ns 533677996 312420 4.99872e+09
+2855501039.0ns 533988996 311000 4.976e+09
+2856001039.0ns 534301436 312440 4.99904e+09
+2856501039.0ns 534613876 312440 4.99904e+09
+2857001039.0ns 534926296 312420 4.99872e+09
+2857501039.0ns 535237296 311000 4.976e+09
+2858001039.0ns 535549736 312440 4.99904e+09
+2858501039.0ns 535862176 312440 4.99904e+09
+2859001039.0ns 536174616 312440 4.99904e+09
+2859501039.0ns 536485596 310980 4.97568e+09
+2860001039.0ns 536798036 312440 4.99904e+09
+2860501039.0ns 537110476 312440 4.99904e+09
+2861001039.0ns 537422916 312440 4.99904e+09
+2861501039.0ns 537735336 312420 4.99872e+09
+2862001039.0ns 538046336 311000 4.976e+09
+2862501039.0ns 538358776 312440 4.99904e+09
+2863001039.0ns 538671216 312440 4.99904e+09
+2863501039.0ns 538983636 312420 4.99872e+09
+2864001039.0ns 539294636 311000 4.976e+09
+2864501039.0ns 539607076 312440 4.99904e+09
+2865001039.0ns 539919516 312440 4.99904e+09
+2865501039.0ns 540231936 312420 4.99872e+09
+2866001039.0ns 540542936 311000 4.976e+09
+2866501039.0ns 540855376 312440 4.99904e+09
+2867001039.0ns 541167816 312440 4.99904e+09
+2867501039.0ns 541480256 312440 4.99904e+09
+2868001039.0ns 541792676 312420 4.99872e+09
+2868501039.0ns 542103676 311000 4.976e+09
+2869001039.0ns 542416116 312440 4.99904e+09
+2869501039.0ns 542728556 312440 4.99904e+09
+2870001039.0ns 543040976 312420 4.99872e+09
+2870501039.0ns 543351976 311000 4.976e+09
+2871001039.0ns 543664416 312440 4.99904e+09
+2871501039.0ns 543976856 312440 4.99904e+09
+2872001039.0ns 544289276 312420 4.99872e+09
+2872501039.0ns 544600276 311000 4.976e+09
+2873001039.0ns 544912716 312440 4.99904e+09
+2873501039.0ns 545225156 312440 4.99904e+09
+2874001039.0ns 545537596 312440 4.99904e+09
+2874501039.0ns 545848576 310980 4.97568e+09
+2875001039.0ns 546161016 312440 4.99904e+09
+2875501039.0ns 546473456 312440 4.99904e+09
+2876001039.0ns 546785896 312440 4.99904e+09
+2876501039.0ns 547098316 312420 4.99872e+09
+2877001039.0ns 547409316 311000 4.976e+09
+2877501039.0ns 547721756 312440 4.99904e+09
+2878001039.0ns 548034196 312440 4.99904e+09
+2878501039.0ns 548346616 312420 4.99872e+09
+2879001039.0ns 548657616 311000 4.976e+09
+2879501039.0ns 548970056 312440 4.99904e+09
+2880001039.0ns 549282496 312440 4.99904e+09
+2880501039.0ns 549594916 312420 4.99872e+09
+2881001039.0ns 549905916 311000 4.976e+09
+2881501039.0ns 550218356 312440 4.99904e+09
+2882001039.0ns 550530796 312440 4.99904e+09
+2882501039.0ns 550843236 312440 4.99904e+09
+2883001039.0ns 551155656 312420 4.99872e+09
+2883501039.0ns 551466656 311000 4.976e+09
+2884001039.0ns 551779096 312440 4.99904e+09
+2884501039.0ns 552091536 312440 4.99904e+09
+2885001039.0ns 552403956 312420 4.99872e+09
+2885501039.0ns 552714956 311000 4.976e+09
+2886001039.0ns 553027396 312440 4.99904e+09
+2886501039.0ns 553339836 312440 4.99904e+09
+2887001039.0ns 553652256 312420 4.99872e+09
+2887501039.0ns 553963256 311000 4.976e+09
+2888001039.0ns 554275696 312440 4.99904e+09
+2888501039.0ns 554588136 312440 4.99904e+09
+2889001039.0ns 554900556 312420 4.99872e+09
+2889501039.0ns 555211556 311000 4.976e+09
+2890001039.0ns 555523996 312440 4.99904e+09
+2890501039.0ns 555836436 312440 4.99904e+09
+2891001039.0ns 556148876 312440 4.99904e+09
+2891501039.0ns 556461296 312420 4.99872e+09
+2892001039.0ns 556772296 311000 4.976e+09
+2892501039.0ns 557084736 312440 4.99904e+09
+2893001039.0ns 557397176 312440 4.99904e+09
+2893501039.0ns 557709596 312420 4.99872e+09
+2894001039.0ns 558020596 311000 4.976e+09
+2894501039.0ns 558333036 312440 4.99904e+09
+2895001039.0ns 558645476 312440 4.99904e+09
+2895501039.0ns 558957896 312420 4.99872e+09
+2896001039.0ns 559268896 311000 4.976e+09
+2896501039.0ns 559581336 312440 4.99904e+09
+2897001039.0ns 559893776 312440 4.99904e+09
+2897501039.0ns 560206216 312440 4.99904e+09
+2898001039.0ns 560518636 312420 4.99872e+09
+2898501039.0ns 560829636 311000 4.976e+09
+2899001039.0ns 561142076 312440 4.99904e+09
+2899501039.0ns 561454516 312440 4.99904e+09
+2900001039.0ns 561766936 312420 4.99872e+09
+2900501039.0ns 562077936 311000 4.976e+09
+2901001039.0ns 562390376 312440 4.99904e+09
+2901501039.0ns 562702816 312440 4.99904e+09
+2902001039.0ns 563015236 312420 4.99872e+09
+2902501039.0ns 563326236 311000 4.976e+09
+2903001039.0ns 563638676 312440 4.99904e+09
+2903501039.0ns 563951116 312440 4.99904e+09
+2904001039.0ns 564263536 312420 4.99872e+09
+2904501039.0ns 564574536 311000 4.976e+09
+2905001039.0ns 564886976 312440 4.99904e+09
+2905501039.0ns 565199416 312440 4.99904e+09
+2906001039.0ns 565511856 312440 4.99904e+09
+2906501039.0ns 565824276 312420 4.99872e+09
+2907001039.0ns 566135276 311000 4.976e+09
+2907501039.0ns 566447716 312440 4.99904e+09
+2908001039.0ns 566760156 312440 4.99904e+09
+2908501039.0ns 567072576 312420 4.99872e+09
+2909001039.0ns 567383576 311000 4.976e+09
+2909501039.0ns 567696016 312440 4.99904e+09
+2910001039.0ns 568008456 312440 4.99904e+09
+2910501039.0ns 568320876 312420 4.99872e+09
+2911001039.0ns 568631876 311000 4.976e+09
+2911501039.0ns 568944316 312440 4.99904e+09
+2912001039.0ns 569256756 312440 4.99904e+09
+2912501039.0ns 569569196 312440 4.99904e+09
+2913001039.0ns 569881616 312420 4.99872e+09
+2913501039.0ns 570192616 311000 4.976e+09
+2914001039.0ns 570505056 312440 4.99904e+09
+2914501039.0ns 570817496 312440 4.99904e+09
+2915001039.0ns 571129916 312420 4.99872e+09
+2915501039.0ns 571440916 311000 4.976e+09
+2916001039.0ns 571753356 312440 4.99904e+09
+2916501039.0ns 572065796 312440 4.99904e+09
+2917001039.0ns 572378216 312420 4.99872e+09
+2917501039.0ns 572689216 311000 4.976e+09
+2918001039.0ns 573001656 312440 4.99904e+09
+2918501039.0ns 573314096 312440 4.99904e+09
+2919001039.0ns 573626516 312420 4.99872e+09
+2919501039.0ns 573937516 311000 4.976e+09
+2920001039.0ns 574249956 312440 4.99904e+09
+2920501039.0ns 574562396 312440 4.99904e+09
+2921001039.0ns 574874836 312440 4.99904e+09
+2921501039.0ns 575187256 312420 4.99872e+09
+2922001039.0ns 575498256 311000 4.976e+09
+2922501039.0ns 575810696 312440 4.99904e+09
+2923001039.0ns 576123136 312440 4.99904e+09
+2923501039.0ns 576435556 312420 4.99872e+09
+2924001039.0ns 576746556 311000 4.976e+09
+2924501039.0ns 577058996 312440 4.99904e+09
+2925001039.0ns 577371436 312440 4.99904e+09
+2925501039.0ns 577683856 312420 4.99872e+09
+2926001039.0ns 577994856 311000 4.976e+09
+2926501039.0ns 578307296 312440 4.99904e+09
+2927001039.0ns 578619736 312440 4.99904e+09
+2927501039.0ns 578932176 312440 4.99904e+09
+2928001039.0ns 579244596 312420 4.99872e+09
+2928501039.0ns 579555596 311000 4.976e+09
+2929001039.0ns 579868036 312440 4.99904e+09
+2929501039.0ns 580180476 312440 4.99904e+09
+2930001039.0ns 580492896 312420 4.99872e+09
+2930501039.0ns 580803896 311000 4.976e+09
+2931001039.0ns 581116336 312440 4.99904e+09
+2931501039.0ns 581428776 312440 4.99904e+09
+2932001039.0ns 581741196 312420 4.99872e+09
+2932501039.0ns 582052196 311000 4.976e+09
+2933001039.0ns 582364636 312440 4.99904e+09
+2933501039.0ns 582677076 312440 4.99904e+09
+2934001039.0ns 582989496 312420 4.99872e+09
+2934501039.0ns 583300496 311000 4.976e+09
+2935001039.0ns 583612936 312440 4.99904e+09
+2935501039.0ns 583925376 312440 4.99904e+09
+2936001039.0ns 584237816 312440 4.99904e+09
+2936501039.0ns 584550236 312420 4.99872e+09
+2937001039.0ns 584861236 311000 4.976e+09
+2937501039.0ns 585173676 312440 4.99904e+09
+2938001039.0ns 585486116 312440 4.99904e+09
+2938501039.0ns 585798536 312420 4.99872e+09
+2939001039.0ns 586109536 311000 4.976e+09
+2939501039.0ns 586421976 312440 4.99904e+09
+2940001039.0ns 586734416 312440 4.99904e+09
+2940501039.0ns 587046836 312420 4.99872e+09
+2941001039.0ns 587357836 311000 4.976e+09
+2941501039.0ns 587670276 312440 4.99904e+09
+2942001039.0ns 587982716 312440 4.99904e+09
+2942501039.0ns 588295156 312440 4.99904e+09
+2943001039.0ns 588607576 312420 4.99872e+09
+2943501039.0ns 588918576 311000 4.976e+09
+2944001039.0ns 589231016 312440 4.99904e+09
+2944501039.0ns 589543456 312440 4.99904e+09
+2945001039.0ns 589855876 312420 4.99872e+09
+2945501039.0ns 590166876 311000 4.976e+09
+2946001039.0ns 590479316 312440 4.99904e+09
+2946501039.0ns 590791756 312440 4.99904e+09
+2947001039.0ns 591104176 312420 4.99872e+09
+2947501039.0ns 591415176 311000 4.976e+09
+2948001039.0ns 591727616 312440 4.99904e+09
+2948501039.0ns 592040056 312440 4.99904e+09
+2949001039.0ns 592352476 312420 4.99872e+09
+2949501039.0ns 592663476 311000 4.976e+09
+2950001039.0ns 592975916 312440 4.99904e+09
+2950501039.0ns 593288356 312440 4.99904e+09
+2951001039.0ns 593600796 312440 4.99904e+09
+2951501039.0ns 593913216 312420 4.99872e+09
+2952001039.0ns 594224216 311000 4.976e+09
+2952501039.0ns 594536656 312440 4.99904e+09
+2953001039.0ns 594849096 312440 4.99904e+09
+2953501039.0ns 595161516 312420 4.99872e+09
+2954001039.0ns 595472516 311000 4.976e+09
+2954501039.0ns 595784956 312440 4.99904e+09
+2955001039.0ns 596097396 312440 4.99904e+09
+2955501039.0ns 596409816 312420 4.99872e+09
+2956001039.0ns 596720816 311000 4.976e+09
+2956501039.0ns 597033256 312440 4.99904e+09
+2957001039.0ns 597345696 312440 4.99904e+09
+2957501039.0ns 597658136 312440 4.99904e+09
+2958001039.0ns 597970556 312420 4.99872e+09
+2958501039.0ns 598281556 311000 4.976e+09
+2959001039.0ns 598593996 312440 4.99904e+09
+2959501039.0ns 598906436 312440 4.99904e+09
+2960001039.0ns 599218856 312420 4.99872e+09
+2960501039.0ns 599529856 311000 4.976e+09
+2961001039.0ns 599842296 312440 4.99904e+09
+2961501039.0ns 600154736 312440 4.99904e+09
+2962001039.0ns 600467156 312420 4.99872e+09
+2962501039.0ns 600778156 311000 4.976e+09
+2963001039.0ns 601090596 312440 4.99904e+09
+2963501039.0ns 601403036 312440 4.99904e+09
+2964001039.0ns 601715456 312420 4.99872e+09
+2964501039.0ns 602026456 311000 4.976e+09
+2965001039.0ns 602338896 312440 4.99904e+09
+2965501039.0ns 602651336 312440 4.99904e+09
+2966001039.0ns 602963776 312440 4.99904e+09
+2966501039.0ns 603276196 312420 4.99872e+09
+2967001039.0ns 603587196 311000 4.976e+09
+2967501039.0ns 603899636 312440 4.99904e+09
+2968001039.0ns 604212076 312440 4.99904e+09
+2968501039.0ns 604524496 312420 4.99872e+09
+2969001039.0ns 604835496 311000 4.976e+09
+2969501039.0ns 605147936 312440 4.99904e+09
+2970001039.0ns 605460376 312440 4.99904e+09
+2970501039.0ns 605772796 312420 4.99872e+09
+2971001039.0ns 606083796 311000 4.976e+09
+2971501039.0ns 606396236 312440 4.99904e+09
+2972001039.0ns 606708676 312440 4.99904e+09
+2972501039.0ns 607021116 312440 4.99904e+09
+2973001039.0ns 607332096 310980 4.97568e+09
+2973501039.0ns 607644536 312440 4.99904e+09
+2974001039.0ns 607956976 312440 4.99904e+09
+2974501039.0ns 608269416 312440 4.99904e+09
+2975001039.0ns 608581836 312420 4.99872e+09
+2975501039.0ns 608892836 311000 4.976e+09
+2976001039.0ns 609205276 312440 4.99904e+09
+2976501039.0ns 609517716 312440 4.99904e+09
+2977001039.0ns 609830136 312420 4.99872e+09
+2977501039.0ns 610141136 311000 4.976e+09
+2978001039.0ns 610453576 312440 4.99904e+09
+2978501039.0ns 610766016 312440 4.99904e+09
+2979001039.0ns 611078436 312420 4.99872e+09
+2979501039.0ns 611389436 311000 4.976e+09
+2980001039.0ns 611701876 312440 4.99904e+09
+2980501039.0ns 612014316 312440 4.99904e+09
+2981001039.0ns 612326756 312440 4.99904e+09
+2981501039.0ns 612639176 312420 4.99872e+09
+2982001039.0ns 612950176 311000 4.976e+09
+2982501039.0ns 613262616 312440 4.99904e+09
+2983001039.0ns 613575056 312440 4.99904e+09
+2983501039.0ns 613887476 312420 4.99872e+09
+2984001039.0ns 614198476 311000 4.976e+09
+2984501039.0ns 614510916 312440 4.99904e+09
+2985001039.0ns 614823356 312440 4.99904e+09
+2985501039.0ns 615135776 312420 4.99872e+09
+2986001039.0ns 615446776 311000 4.976e+09
+2986501039.0ns 615759216 312440 4.99904e+09
+2987001039.0ns 616071656 312440 4.99904e+09
+2987501039.0ns 616384096 312440 4.99904e+09
+2988001039.0ns 616695076 310980 4.97568e+09
+2988501039.0ns 617007516 312440 4.99904e+09
+2989001039.0ns 617319956 312440 4.99904e+09
+2989501039.0ns 617632396 312440 4.99904e+09
+2990001039.0ns 617944816 312420 4.99872e+09
+2990501039.0ns 618255816 311000 4.976e+09
+2991001039.0ns 618568256 312440 4.99904e+09
+2991501039.0ns 618880696 312440 4.99904e+09
+2992001039.0ns 619193116 312420 4.99872e+09
+2992501039.0ns 619504116 311000 4.976e+09
+2993001039.0ns 619816556 312440 4.99904e+09
+2993501039.0ns 620128996 312440 4.99904e+09
+2994001039.0ns 620441416 312420 4.99872e+09
+2994501039.0ns 620752416 311000 4.976e+09
+2995001039.0ns 621064856 312440 4.99904e+09
+2995501039.0ns 621377296 312440 4.99904e+09
+2996001039.0ns 621689736 312440 4.99904e+09
+2996501039.0ns 622002156 312420 4.99872e+09
+2997001039.0ns 622313156 311000 4.976e+09
+2997501039.0ns 622625596 312440 4.99904e+09
+2998001039.0ns 622938036 312440 4.99904e+09
+2998501039.0ns 623250456 312420 4.99872e+09
+2999001039.0ns 623561456 311000 4.976e+09
+2999501039.0ns 623873896 312440 4.99904e+09
+3000001039.0ns 624186336 312440 4.99904e+09
+3000501039.0ns 624498756 312420 4.99872e+09
+3001001039.0ns 624809756 311000 4.976e+09
+3001501039.0ns 625122196 312440 4.99904e+09
+3002001039.0ns 625434636 312440 4.99904e+09
+3002501039.0ns 625747076 312440 4.99904e+09
+3003001039.0ns 626058056 310980 4.97568e+09
+3003501039.0ns 626370496 312440 4.99904e+09
+3004001039.0ns 626682936 312440 4.99904e+09
+3004501039.0ns 626995376 312440 4.99904e+09
+3005001039.0ns 627307796 312420 4.99872e+09
+3005501039.0ns 627618796 311000 4.976e+09
+3006001039.0ns 627931236 312440 4.99904e+09
+3006501039.0ns 628243676 312440 4.99904e+09
+3007001039.0ns 628556096 312420 4.99872e+09
+3007501039.0ns 628867096 311000 4.976e+09
+3008001039.0ns 629179536 312440 4.99904e+09
+3008501039.0ns 629491976 312440 4.99904e+09
+3009001039.0ns 629804396 312420 4.99872e+09
+3009501039.0ns 630115396 311000 4.976e+09
