+2000001039.0ns 28 28 448000
+2000501039.0ns 304268 304240 4.86784e+09
+2001001039.0ns 615268 311000 4.976e+09
+2001501039.0ns 927688 312420 4.99872e+09
+2002001039.0ns 1240128 312440 4.99904e+09
+2002501039.0ns 1552568 312440 4.99904e+09
+2003001039.0ns 1865008 312440 4.99904e+09
+2003501039.0ns 2177428 312420 4.99872e+09
+2004001039.0ns 2489868 312440 4.99904e+09
+2004501039.0ns 2800868 311000 4.976e+09
+2005001039.0ns 3113308 312440 4.99904e+09
+2005501039.0ns 3425728 312420 4.99872e+09
+2006001039.0ns 3738168 312440 4.99904e+09
+2006501039.0ns 4050608 312440 4.99904e+09
+2007001039.0ns 4363048 312440 4.99904e+09
+2007501039.0ns 4675488 312440 4.99904e+09
+2008001039.0ns 4986468 310980 4.97568e+09
+2008501039.0ns 5298908 312440 4.99904e+09
+2009001039.0ns 5611348 312440 4.99904e+09
+2009501039.0ns 5923788 312440 4.99904e+09
+2010001039.0ns 6236208 312420 4.99872e+09
+2010501039.0ns 6548648 312440 4.99904e+09
+2011001039.0ns 6861088 312440 4.99904e+09
+2011501039.0ns 7172088 311000 4.976e+09
+2012001039.0ns 7484508 312420 4.99872e+09
+2012501039.0ns 7796948 312440 4.99904e+09
+2013001039.0ns 8109388 312440 4.99904e+09
+2013501039.0ns 8421828 312440 4.99904e+09
+2014001039.0ns 8734268 312440 4.99904e+09
+2014501039.0ns 9046688 312420 4.99872e+09
+2015001039.0ns 9357688 311000 4.976e+09
+2015501039.0ns 9670128 312440 4.99904e+09
+2016001039.0ns 9982568 312440 4.99904e+09
+2016501039.0ns 10294988 312420 4.99872e+09
+2017001039.0ns 10607428 312440 4.99904e+09
+2017501039.0ns 10919868 312440 4.99904e+09
+2018001039.0ns 11232308 312440 4.99904e+09
+2018501039.0ns 11543288 310980 4.97568e+09
+2019001039.0ns 11855728 312440 4.99904e+09
+2019501039.0ns 12168168 312440 4.99904e+09
+2020001039.0ns 12480608 312440 4.99904e+09
+2020501039.0ns 12793028 312420 4.99872e+09
+2021001039.0ns 13105468 312440 4.99904e+09
+2021501039.0ns 13417908 312440 4.99904e+09
+2022001039.0ns 13728908 311000 4.976e+09
+2022501039.0ns 14041348 312440 4.99904e+09
+2023001039.0ns 14353768 312420 4.99872e+09
+2023501039.0ns 14666208 312440 4.99904e+09
+2024001039.0ns 14978648 312440 4.99904e+09
+2024501039.0ns 15291088 312440 4.99904e+09
+2025001039.0ns 15603508 312420 4.99872e+09
+2025501039.0ns 15914508 311000 4.976e+09
+2026001039.0ns 16226948 312440 4.99904e+09
+2026501039.0ns 16539388 312440 4.99904e+09
+2027001039.0ns 16851808 312420 4.99872e+09
+2027501039.0ns 17164248 312440 4.99904e+09
+2028001039.0ns 17476688 312440 4.99904e+09
+2028501039.0ns 17789128 312440 4.99904e+09
+2029001039.0ns 18100128 311000 4.976e+09
+2029501039.0ns 18412548 312420 4.99872e+09
+2030001039.0ns 18724988 312440 4.99904e+09
+2030501039.0ns 19037428 312440 4.99904e+09
+2031001039.0ns 19349868 312440 4.99904e+09
+2031501039.0ns 19662288 312420 4.99872e+09
+2032001039.0ns 19974728 312440 4.99904e+09
+2032501039.0ns 20287168 312440 4.99904e+09
+2033001039.0ns 20598168 311000 4.976e+09
+2033501039.0ns 20910588 312420 4.99872e+09
+2034001039.0ns 21223028 312440 4.99904e+09
+2034501039.0ns 21535468 312440 4.99904e+09
+2035001039.0ns 21847908 312440 4.99904e+09
+2035501039.0ns 22160328 312420 4.99872e+09
+2036001039.0ns 22472768 312440 4.99904e+09
+2036501039.0ns 22783768 311000 4.976e+09
+2037001039.0ns 23096208 312440 4.99904e+09
+2037501039.0ns 23408648 312440 4.99904e+09
+2038001039.0ns 23721068 312420 4.99872e+09
+2038501039.0ns 24033508 312440 4.99904e+09
+2039001039.0ns 24345948 312440 4.99904e+09
+2039501039.0ns 24658388 312440 4.99904e+09
+2040001039.0ns 24969368 310980 4.97568e+09
+2040501039.0ns 25281808 312440 4.99904e+09
+2041001039.0ns 25594248 312440 4.99904e+09
+2041501039.0ns 25906688 312440 4.99904e+09
+2042001039.0ns 26219108 312420 4.99872e+09
+2042501039.0ns 26531548 312440 4.99904e+09
+2043001039.0ns 26843988 312440 4.99904e+09
+2043501039.0ns 27154988 311000 4.976e+09
+2044001039.0ns 27467408 312420 4.99872e+09
+2044501039.0ns 27779848 312440 4.99904e+09
+2045001039.0ns 28092288 312440 4.99904e+09
+2045501039.0ns 28404728 312440 4.99904e+09
+2046001039.0ns 28717168 312440 4.99904e+09
+2046501039.0ns 29029588 312420 4.99872e+09
+2047001039.0ns 29340588 311000 4.976e+09
+2047501039.0ns 29653028 312440 4.99904e+09
+2048001039.0ns 29965468 312440 4.99904e+09
+2048501039.0ns 30277888 312420 4.99872e+09
+2049001039.0ns 30590328 312440 4.99904e+09
+2049501039.0ns 30902768 312440 4.99904e+09
+2050001039.0ns 31215208 312440 4.99904e+09
+2050501039.0ns 31526188 310980 4.97568e+09
+2051001039.0ns 31838628 312440 4.99904e+09
+2051501039.0ns 32151068 312440 4.99904e+09
+2052001039.0ns 32463508 312440 4.99904e+09
+2052501039.0ns 32775948 312440 4.99904e+09
+2053001039.0ns 33088368 312420 4.99872e+09
+2053501039.0ns 33400808 312440 4.99904e+09
+2054001039.0ns 33711808 311000 4.976e+09
+2054501039.0ns 34024248 312440 4.99904e+09
+2055001039.0ns 34336668 312420 4.99872e+09
+2055501039.0ns 34649108 312440 4.99904e+09
+2056001039.0ns 34961548 312440 4.99904e+09
+2056501039.0ns 35273988 312440 4.99904e+09
+2057001039.0ns 35586408 312420 4.99872e+09
+2057501039.0ns 35897408 311000 4.976e+09
+2058001039.0ns 36209848 312440 4.99904e+09
+2058501039.0ns 36522288 312440 4.99904e+09
+2059001039.0ns 36834708 312420 4.99872e+09
+2059501039.0ns 37147148 312440 4.99904e+09
+2060001039.0ns 37459588 312440 4.99904e+09
+2060501039.0ns 37772028 312440 4.99904e+09
+2061001039.0ns 38083028 311000 4.976e+09
+2061501039.0ns 38395448 312420 4.99872e+09
+2062001039.0ns 38707888 312440 4.99904e+09
+2062501039.0ns 39020328 312440 4.99904e+09
+2063001039.0ns 39332768 312440 4.99904e+09
+2063501039.0ns 39645188 312420 4.99872e+09
+2064001039.0ns 39957628 312440 4.99904e+09
+2064501039.0ns 40268628 311000 4.976e+09
+2065001039.0ns 40581068 312440 4.99904e+09
+2065501039.0ns 40893488 312420 4.99872e+09
+2066001039.0ns 41205928 312440 4.99904e+09
+2066501039.0ns 41518368 312440 4.99904e+09
+2067001039.0ns 41830808 312440 4.99904e+09
+2067501039.0ns 42143248 312440 4.99904e+09
+2068001039.0ns 42454228 310980 4.97568e+09
+2068501039.0ns 42766668 312440 4.99904e+09
+2069001039.0ns 43079108 312440 4.99904e+09
+2069501039.0ns 43391548 312440 4.99904e+09
+2070001039.0ns 43703968 312420 4.99872e+09
+2070501039.0ns 44016408 312440 4.99904e+09
+2071001039.0ns 44328848 312440 4.99904e+09
+2071501039.0ns 44639848 311000 4.976e+09
+2072001039.0ns 44952268 312420 4.99872e+09
+2072501039.0ns 45264708 312440 4.99904e+09
+2073001039.0ns 45577148 312440 4.99904e+09
+2073501039.0ns 45889588 312440 4.99904e+09
+2074001039.0ns 46202008 312420 4.99872e+09
+2074501039.0ns 46514448 312440 4.99904e+09
+2075001039.0ns 46825448 311000 4.976e+09
+2075501039.0ns 47137888 312440 4.99904e+09
+2076001039.0ns 47450328 312440 4.99904e+09
+2076501039.0ns 47762748 312420 4.99872e+09
+2077001039.0ns 48075188 312440 4.99904e+09
+2077501039.0ns 48387628 312440 4.99904e+09
+2078001039.0ns 48700068 312440 4.99904e+09
+2078501039.0ns 49011048 310980 4.97568e+09
+2079001039.0ns 49323488 312440 4.99904e+09
+2079501039.0ns 49635928 312440 4.99904e+09
+2080001039.0ns 49948368 312440 4.99904e+09
+2080501039.0ns 50260788 312420 4.99872e+09
+2081001039.0ns 50573228 312440 4.99904e+09
+2081501039.0ns 50885668 312440 4.99904e+09
+2082001039.0ns 51196668 311000 4.976e+09
+2082501039.0ns 51509108 312440 4.99904e+09
+2083001039.0ns 51821528 312420 4.99872e+09
+2083501039.0ns 52133968 312440 4.99904e+09
+2084001039.0ns 52446408 312440 4.99904e+09
+2084501039.0ns 52758848 312440 4.99904e+09
+2085001039.0ns 53071268 312420 4.99872e+09
+2085501039.0ns 53382268 311000 4.976e+09
+2086001039.0ns 53694708 312440 4.99904e+09
+2086501039.0ns 54007148 312440 4.99904e+09
+2087001039.0ns 54319568 312420 4.99872e+09
+2087501039.0ns 54632008 312440 4.99904e+09
+2088001039.0ns 54944448 312440 4.99904e+09
+2088501039.0ns 55256888 312440 4.99904e+09
+2089001039.0ns 55567868 310980 4.97568e+09
+2089501039.0ns 55880308 312440 4.99904e+09
+2090001039.0ns 56192748 312440 4.99904e+09
+2090501039.0ns 56505188 312440 4.99904e+09
+2091001039.0ns 56817628 312440 4.99904e+09
+2091501039.0ns 57130048 312420 4.99872e+09
+2092001039.0ns 57442488 312440 4.99904e+09
+2092501039.0ns 57753488 311000 4.976e+09
+2093001039.0ns 58065928 312440 4.99904e+09
+2093501039.0ns 58378348 312420 4.99872e+09
+2094001039.0ns 58690788 312440 4.99904e+09
+2094501039.0ns 59003228 312440 4.99904e+09
+2095001039.0ns 59315668 312440 4.99904e+09
+2095501039.0ns 59628088 312420 4.99872e+09
+2096001039.0ns 59939088 311000 4.976e+09
+2096501039.0ns 60251528 312440 4.99904e+09
+2097001039.0ns 60563968 312440 4.99904e+09
+2097501039.0ns 60876408 312440 4.99904e+09
+2098001039.0ns 61188828 312420 4.99872e+09
+2098501039.0ns 61501268 312440 4.99904e+09
+2099001039.0ns 61813708 312440 4.99904e+09
+2099501039.0ns 62124708 311000 4.976e+09
+2100001039.0ns 62437128 312420 4.99872e+09
+2100501039.0ns 62749568 312440 4.99904e+09
+2101001039.0ns 63062008 312440 4.99904e+09
+2101501039.0ns 63374448 312440 4.99904e+09
+2102001039.0ns 63686868 312420 4.99872e+09
+2102501039.0ns 63999308 312440 4.99904e+09
+2103001039.0ns 64310308 311000 4.976e+09
+2103501039.0ns 64622748 312440 4.99904e+09
+2104001039.0ns 64935168 312420 4.99872e+09
+2104501039.0ns 65247608 312440 4.99904e+09
+2105001039.0ns 65560048 312440 4.99904e+09
+2105501039.0ns 65872488 312440 4.99904e+09
+2106001039.0ns 66184928 312440 4.99904e+09
+2106501039.0ns 66495908 310980 4.97568e+09
+2107001039.0ns 66808348 312440 4.99904e+09
+2107501039.0ns 67120788 312440 4.99904e+09
+2108001039.0ns 67433228 312440 4.99904e+09
+2108501039.0ns 67745648 312420 4.99872e+09
+2109001039.0ns 68058088 312440 4.99904e+09
+2109501039.0ns 68370528 312440 4.99904e+09
+2110001039.0ns 68681528 311000 4.976e+09
+2110501039.0ns 68993948 312420 4.99872e+09
+2111001039.0ns 69306388 312440 4.99904e+09
+2111501039.0ns 69618828 312440 4.99904e+09
+2112001039.0ns 69931268 312440 4.99904e+09
+2112501039.0ns 70243708 312440 4.99904e+09
+2113001039.0ns 70556128 312420 4.99872e+09
+2113501039.0ns 70867128 311000 4.976e+09
+2114001039.0ns 71179568 312440 4.99904e+09
+2114501039.0ns 71492008 312440 4.99904e+09
+2115001039.0ns 71804428 312420 4.99872e+09
+2115501039.0ns 72116868 312440 4.99904e+09
+2116001039.0ns 72429308 312440 4.99904e+09
+2116501039.0ns 72741748 312440 4.99904e+09
+2117001039.0ns 73054168 312420 4.99872e+09
+2117501039.0ns 73365168 311000 4.976e+09
+2118001039.0ns 73677608 312440 4.99904e+09
+2118501039.0ns 73990048 312440 4.99904e+09
+2119001039.0ns 74302468 312420 4.99872e+09
+2119501039.0ns 74614908 312440 4.99904e+09
+2120001039.0ns 74927348 312440 4.99904e+09
+2120501039.0ns 75239788 312440 4.99904e+09
+2121001039.0ns 75550788 311000 4.976e+09
+2121501039.0ns 75863208 312420 4.99872e+09
+2122001039.0ns 76175648 312440 4.99904e+09
+2122501039.0ns 76488088 312440 4.99904e+09
+2123001039.0ns 76800528 312440 4.99904e+09
+2123501039.0ns 77112948 312420 4.99872e+09
+2124001039.0ns 77425388 312440 4.99904e+09
+2124501039.0ns 77736388 311000 4.976e+09
+2125001039.0ns 78048828 312440 4.99904e+09
+2125501039.0ns 78361248 312420 4.99872e+09
+2126001039.0ns 78673688 312440 4.99904e+09
+2126501039.0ns 78986128 312440 4.99904e+09
+2127001039.0ns 79298568 312440 4.99904e+09
+2127501039.0ns 79611008 312440 4.99904e+09
+2128001039.0ns 79921988 310980 4.97568e+09
+2128501039.0ns 80234428 312440 4.99904e+09
+2129001039.0ns 80546868 312440 4.99904e+09
+2129501039.0ns 80859308 312440 4.99904e+09
+2130001039.0ns 81171728 312420 4.99872e+09
+2130501039.0ns 81484168 312440 4.99904e+09
+2131001039.0ns 81796608 312440 4.99904e+09
+2131501039.0ns 82107608 311000 4.976e+09
+2132001039.0ns 82420028 312420 4.99872e+09
+2132501039.0ns 82732468 312440 4.99904e+09
+2133001039.0ns 83044908 312440 4.99904e+09
+2133501039.0ns 83357348 312440 4.99904e+09
+2134001039.0ns 83669768 312420 4.99872e+09
+2134501039.0ns 83982208 312440 4.99904e+09
+2135001039.0ns 84293208 311000 4.976e+09
+2135501039.0ns 84605648 312440 4.99904e+09
+2136001039.0ns 84918088 312440 4.99904e+09
+2136501039.0ns 85230508 312420 4.99872e+09
+2137001039.0ns 85542948 312440 4.99904e+09
+2137501039.0ns 85855388 312440 4.99904e+09
+2138001039.0ns 86167828 312440 4.99904e+09
+2138501039.0ns 86478808 310980 4.97568e+09
+2139001039.0ns 86791248 312440 4.99904e+09
+2139501039.0ns 87103688 312440 4.99904e+09
+2140001039.0ns 87416128 312440 4.99904e+09
+2140501039.0ns 87728548 312420 4.99872e+09
+2141001039.0ns 88040988 312440 4.99904e+09
+2141501039.0ns 88353428 312440 4.99904e+09
+2142001039.0ns 88664428 311000 4.976e+09
+2142501039.0ns 88976868 312440 4.99904e+09
+2143001039.0ns 89289288 312420 4.99872e+09
+2143501039.0ns 89601728 312440 4.99904e+09
+2144001039.0ns 89914168 312440 4.99904e+09
+2144501039.0ns 90226608 312440 4.99904e+09
+2145001039.0ns 90539028 312420 4.99872e+09
+2145501039.0ns 90850028 311000 4.976e+09
+2146001039.0ns 91162468 312440 4.99904e+09
+2146501039.0ns 91474908 312440 4.99904e+09
+2147001039.0ns 91787328 312420 4.99872e+09
+2147501039.0ns 92099768 312440 4.99904e+09
+2148001039.0ns 92412208 312440 4.99904e+09
+2148501039.0ns 92724648 312440 4.99904e+09
+2149001039.0ns 93035628 310980 4.97568e+09
+2149501039.0ns 93348068 312440 4.99904e+09
+2150001039.0ns 93660508 312440 4.99904e+09
+2150501039.0ns 93972948 312440 4.99904e+09
+2151001039.0ns 94285388 312440 4.99904e+09
+2151501039.0ns 94597808 312420 4.99872e+09
+2152001039.0ns 94910248 312440 4.99904e+09
+2152501039.0ns 95221248 311000 4.976e+09
+2153001039.0ns 95533688 312440 4.99904e+09
+2153501039.0ns 95846108 312420 4.99872e+09
+2154001039.0ns 96158548 312440 4.99904e+09
+2154501039.0ns 96470988 312440 4.99904e+09
+2155001039.0ns 96783428 312440 4.99904e+09
+2155501039.0ns 97095848 312420 4.99872e+09
+2156001039.0ns 97406848 311000 4.976e+09
+2156501039.0ns 97719288 312440 4.99904e+09
+2157001039.0ns 98031728 312440 4.99904e+09
+2157501039.0ns 98344168 312440 4.99904e+09
+2158001039.0ns 98655148 310980 4.97568e+09
+2158501039.0ns 98967588 312440 4.99904e+09
+2159001039.0ns 99280028 312440 4.99904e+09
+2159501039.0ns 99592468 312440 4.99904e+09
+2160001039.0ns 99904888 312420 4.99872e+09
+2160501039.0ns 100215888 311000 4.976e+09
+2161001039.0ns 100528328 312440 4.99904e+09
+2161501039.0ns 100840768 312440 4.99904e+09
+2162001039.0ns 101153188 312420 4.99872e+09
+2162501039.0ns 101464188 311000 4.976e+09
+2163001039.0ns 101776628 312440 4.99904e+09
+2163501039.0ns 102089068 312440 4.99904e+09
+2164001039.0ns 102401488 312420 4.99872e+09
+2164501039.0ns 102712488 311000 4.976e+09
+2165001039.0ns 103024928 312440 4.99904e+09
+2165501039.0ns 103337368 312440 4.99904e+09
+2166001039.0ns 103649808 312440 4.99904e+09
+2166501039.0ns 103962228 312420 4.99872e+09
+2167001039.0ns 104273228 311000 4.976e+09
+2167501039.0ns 104585668 312440 4.99904e+09
+2168001039.0ns 104898108 312440 4.99904e+09
+2168501039.0ns 105210528 312420 4.99872e+09
+2169001039.0ns 105521528 311000 4.976e+09
+2169501039.0ns 105833968 312440 4.99904e+09
+2170001039.0ns 106146408 312440 4.99904e+09
+2170501039.0ns 106458828 312420 4.99872e+09
+2171001039.0ns 106769828 311000 4.976e+09
+2171501039.0ns 107082268 312440 4.99904e+09
+2172001039.0ns 107394708 312440 4.99904e+09
+2172501039.0ns 107707148 312440 4.99904e+09
+2173001039.0ns 108018128 310980 4.97568e+09
+2173501039.0ns 108330568 312440 4.99904e+09
+2174001039.0ns 108643008 312440 4.99904e+09
+2174501039.0ns 108955448 312440 4.99904e+09
+2175001039.0ns 109267868 312420 4.99872e+09
+2175501039.0ns 109578868 311000 4.976e+09
+2176001039.0ns 109891308 312440 4.99904e+09
+2176501039.0ns 110203748 312440 4.99904e+09
+2177001039.0ns 110516168 312420 4.99872e+09
+2177501039.0ns 110827168 311000 4.976e+09
+2178001039.0ns 111139608 312440 4.99904e+09
+2178501039.0ns 111452048 312440 4.99904e+09
+2179001039.0ns 111764468 312420 4.99872e+09
+2179501039.0ns 112075468 311000 4.976e+09
+2180001039.0ns 112387908 312440 4.99904e+09
+2180501039.0ns 112700348 312440 4.99904e+09
+2181001039.0ns 113012788 312440 4.99904e+09
+2181501039.0ns 113325208 312420 4.99872e+09
+2182001039.0ns 113636208 311000 4.976e+09
+2182501039.0ns 113948648 312440 4.99904e+09
+2183001039.0ns 114261088 312440 4.99904e+09
+2183501039.0ns 114573508 312420 4.99872e+09
+2184001039.0ns 114884508 311000 4.976e+09
+2184501039.0ns 115196948 312440 4.99904e+09
+2185001039.0ns 115509388 312440 4.99904e+09
+2185501039.0ns 115821808 312420 4.99872e+09
+2186001039.0ns 116132808 311000 4.976e+09
+2186501039.0ns 116445248 312440 4.99904e+09
+2187001039.0ns 116757688 312440 4.99904e+09
+2187501039.0ns 117070128 312440 4.99904e+09
+2188001039.0ns 117381108 310980 4.97568e+09
+2188501039.0ns 117693548 312440 4.99904e+09
+2189001039.0ns 118005988 312440 4.99904e+09
+2189501039.0ns 118318428 312440 4.99904e+09
+2190001039.0ns 118630848 312420 4.99872e+09
+2190501039.0ns 118941848 311000 4.976e+09
+2191001039.0ns 119254288 312440 4.99904e+09
+2191501039.0ns 119566728 312440 4.99904e+09
+2192001039.0ns 119879148 312420 4.99872e+09
+2192501039.0ns 120190148 311000 4.976e+09
+2193001039.0ns 120502588 312440 4.99904e+09
+2193501039.0ns 120815028 312440 4.99904e+09
+2194001039.0ns 121127448 312420 4.99872e+09
+2194501039.0ns 121438448 311000 4.976e+09
+2195001039.0ns 121750888 312440 4.99904e+09
+2195501039.0ns 122063328 312440 4.99904e+09
+2196001039.0ns 122375768 312440 4.99904e+09
+2196501039.0ns 122688188 312420 4.99872e+09
+2197001039.0ns 122999188 311000 4.976e+09
+2197501039.0ns 123311628 312440 4.99904e+09
+2198001039.0ns 123624068 312440 4.99904e+09
+2198501039.0ns 123936488 312420 4.99872e+09
+2199001039.0ns 124247488 311000 4.976e+09
+2199501039.0ns 124559928 312440 4.99904e+09
+2200001039.0ns 124872368 312440 4.99904e+09
+2200501039.0ns 125184788 312420 4.99872e+09
+2201001039.0ns 125495788 311000 4.976e+09
+2201501039.0ns 125808228 312440 4.99904e+09
+2202001039.0ns 126120668 312440 4.99904e+09
+2202501039.0ns 126433108 312440 4.99904e+09
+2203001039.0ns 126744088 310980 4.97568e+09
+2203501039.0ns 127056528 312440 4.99904e+09
+2204001039.0ns 127368968 312440 4.99904e+09
+2204501039.0ns 127681408 312440 4.99904e+09
+2205001039.0ns 127993828 312420 4.99872e+09
+2205501039.0ns 128304828 311000 4.976e+09
+2206001039.0ns 128617268 312440 4.99904e+09
+2206501039.0ns 128929708 312440 4.99904e+09
+2207001039.0ns 129242128 312420 4.99872e+09
+2207501039.0ns 129553128 311000 4.976e+09
+2208001039.0ns 129865568 312440 4.99904e+09
+2208501039.0ns 130178008 312440 4.99904e+09
+2209001039.0ns 130490428 312420 4.99872e+09
+2209501039.0ns 130801428 311000 4.976e+09
+2210001039.0ns 131113868 312440 4.99904e+09
+2210501039.0ns 131426308 312440 4.99904e+09
+2211001039.0ns 131738748 312440 4.99904e+09
+2211501039.0ns 132051168 312420 4.99872e+09
+2212001039.0ns 132362168 311000 4.976e+09
+2212501039.0ns 132674608 312440 4.99904e+09
+2213001039.0ns 132987048 312440 4.99904e+09
+2213501039.0ns 133299468 312420 4.99872e+09
+2214001039.0ns 133610468 311000 4.976e+09
+2214501039.0ns 133922908 312440 4.99904e+09
+2215001039.0ns 134235348 312440 4.99904e+09
+2215501039.0ns 134547768 312420 4.99872e+09
+2216001039.0ns 134858768 311000 4.976e+09
+2216501039.0ns 135171208 312440 4.99904e+09
+2217001039.0ns 135483648 312440 4.99904e+09
+2217501039.0ns 135796068 312420 4.99872e+09
+2218001039.0ns 136107068 311000 4.976e+09
+2218501039.0ns 136419508 312440 4.99904e+09
+2219001039.0ns 136731948 312440 4.99904e+09
+2219501039.0ns 137044388 312440 4.99904e+09
+2220001039.0ns 137356808 312420 4.99872e+09
+2220501039.0ns 137667808 311000 4.976e+09
+2221001039.0ns 137980248 312440 4.99904e+09
+2221501039.0ns 138292688 312440 4.99904e+09
+2222001039.0ns 138605108 312420 4.99872e+09
+2222501039.0ns 138916108 311000 4.976e+09
+2223001039.0ns 139228548 312440 4.99904e+09
+2223501039.0ns 139540988 312440 4.99904e+09
+2224001039.0ns 139853408 312420 4.99872e+09
+2224501039.0ns 140164408 311000 4.976e+09
+2225001039.0ns 140476848 312440 4.99904e+09
+2225501039.0ns 140789288 312440 4.99904e+09
+2226001039.0ns 141101728 312440 4.99904e+09
+2226501039.0ns 141414148 312420 4.99872e+09
+2227001039.0ns 141725148 311000 4.976e+09
+2227501039.0ns 142037588 312440 4.99904e+09
+2228001039.0ns 142350028 312440 4.99904e+09
+2228501039.0ns 142662448 312420 4.99872e+09
+2229001039.0ns 142973448 311000 4.976e+09
+2229501039.0ns 143285888 312440 4.99904e+09
+2230001039.0ns 143598328 312440 4.99904e+09
+2230501039.0ns 143910748 312420 4.99872e+09
+2231001039.0ns 144221748 311000 4.976e+09
+2231501039.0ns 144534188 312440 4.99904e+09
+2232001039.0ns 144846628 312440 4.99904e+09
+2232501039.0ns 145159048 312420 4.99872e+09
+2233001039.0ns 145470048 311000 4.976e+09
+2233501039.0ns 145782488 312440 4.99904e+09
+2234001039.0ns 146094928 312440 4.99904e+09
+2234501039.0ns 146407368 312440 4.99904e+09
+2235001039.0ns 146719788 312420 4.99872e+09
+2235501039.0ns 147030788 311000 4.976e+09
+2236001039.0ns 147343228 312440 4.99904e+09
+2236501039.0ns 147655668 312440 4.99904e+09
+2237001039.0ns 147968088 312420 4.99872e+09
+2237501039.0ns 148279088 311000 4.976e+09
+2238001039.0ns 148591528 312440 4.99904e+09
+2238501039.0ns 148903968 312440 4.99904e+09
+2239001039.0ns 149216388 312420 4.99872e+09
+2239501039.0ns 149527388 311000 4.976e+09
+2240001039.0ns 149839828 312440 4.99904e+09
+2240501039.0ns 150152268 312440 4.99904e+09
+2241001039.0ns 150464708 312440 4.99904e+09
+2241501039.0ns 150777128 312420 4.99872e+09
+2242001039.0ns 151088128 311000 4.976e+09
+2242501039.0ns 151400568 312440 4.99904e+09
+2243001039.0ns 151713008 312440 4.99904e+09
+2243501039.0ns 152025428 312420 4.99872e+09
+2244001039.0ns 152336428 311000 4.976e+09
+2244501039.0ns 152648868 312440 4.99904e+09
+2245001039.0ns 152961308 312440 4.99904e+09
+2245501039.0ns 153273728 312420 4.99872e+09
+2246001039.0ns 153584728 311000 4.976e+09
+2246501039.0ns 153897168 312440 4.99904e+09
+2247001039.0ns 154209608 312440 4.99904e+09
+2247501039.0ns 154522028 312420 4.99872e+09
+2248001039.0ns 154833028 311000 4.976e+09
+2248501039.0ns 155145468 312440 4.99904e+09
+2249001039.0ns 155457908 312440 4.99904e+09
+2249501039.0ns 155770348 312440 4.99904e+09
+2250001039.0ns 156082768 312420 4.99872e+09
+2250501039.0ns 156393768 311000 4.976e+09
+2251001039.0ns 156706208 312440 4.99904e+09
+2251501039.0ns 157018648 312440 4.99904e+09
+2252001039.0ns 157331068 312420 4.99872e+09
+2252501039.0ns 157642068 311000 4.976e+09
+2253001039.0ns 157954508 312440 4.99904e+09
+2253501039.0ns 158266948 312440 4.99904e+09
+2254001039.0ns 158579368 312420 4.99872e+09
+2254501039.0ns 158890368 311000 4.976e+09
+2255001039.0ns 159202808 312440 4.99904e+09
+2255501039.0ns 159515248 312440 4.99904e+09
+2256001039.0ns 159827688 312440 4.99904e+09
+2256501039.0ns 160140108 312420 4.99872e+09
+2257001039.0ns 160451108 311000 4.976e+09
+2257501039.0ns 160763548 312440 4.99904e+09
+2258001039.0ns 161075988 312440 4.99904e+09
+2258501039.0ns 161388408 312420 4.99872e+09
+2259001039.0ns 161699408 311000 4.976e+09
+2259501039.0ns 162011848 312440 4.99904e+09
+2260001039.0ns 162324288 312440 4.99904e+09
+2260501039.0ns 162636708 312420 4.99872e+09
+2261001039.0ns 162947708 311000 4.976e+09
+2261501039.0ns 163260148 312440 4.99904e+09
+2262001039.0ns 163572588 312440 4.99904e+09
+2262501039.0ns 163885008 312420 4.99872e+09
+2263001039.0ns 164196008 311000 4.976e+09
+2263501039.0ns 164508448 312440 4.99904e+09
+2264001039.0ns 164820888 312440 4.99904e+09
+2264501039.0ns 165133328 312440 4.99904e+09
+2265001039.0ns 165445748 312420 4.99872e+09
+2265501039.0ns 165756748 311000 4.976e+09
+2266001039.0ns 166069188 312440 4.99904e+09
+2266501039.0ns 166381628 312440 4.99904e+09
+2267001039.0ns 166694048 312420 4.99872e+09
+2267501039.0ns 167005048 311000 4.976e+09
+2268001039.0ns 167317488 312440 4.99904e+09
+2268501039.0ns 167629928 312440 4.99904e+09
+2269001039.0ns 167942348 312420 4.99872e+09
+2269501039.0ns 168253348 311000 4.976e+09
+2270001039.0ns 168565788 312440 4.99904e+09
+2270501039.0ns 168878228 312440 4.99904e+09
+2271001039.0ns 169190668 312440 4.99904e+09
+2271501039.0ns 169503088 312420 4.99872e+09
+2272001039.0ns 169814088 311000 4.976e+09
+2272501039.0ns 170126528 312440 4.99904e+09
+2273001039.0ns 170438968 312440 4.99904e+09
+2273501039.0ns 170751388 312420 4.99872e+09
+2274001039.0ns 171062388 311000 4.976e+09
+2274501039.0ns 171374828 312440 4.99904e+09
+2275001039.0ns 171687268 312440 4.99904e+09
+2275501039.0ns 171999688 312420 4.99872e+09
+2276001039.0ns 172310688 311000 4.976e+09
+2276501039.0ns 172623128 312440 4.99904e+09
+2277001039.0ns 172935568 312440 4.99904e+09
+2277501039.0ns 173247988 312420 4.99872e+09
+2278001039.0ns 173558988 311000 4.976e+09
+2278501039.0ns 173871428 312440 4.99904e+09
+2279001039.0ns 174183868 312440 4.99904e+09
+2279501039.0ns 174496308 312440 4.99904e+09
+2280001039.0ns 174808728 312420 4.99872e+09
+2280501039.0ns 175119728 311000 4.976e+09
+2281001039.0ns 175432168 312440 4.99904e+09
+2281501039.0ns 175744608 312440 4.99904e+09
+2282001039.0ns 176057028 312420 4.99872e+09
+2282501039.0ns 176368028 311000 4.976e+09
+2283001039.0ns 176680468 312440 4.99904e+09
+2283501039.0ns 176992908 312440 4.99904e+09
+2284001039.0ns 177305328 312420 4.99872e+09
+2284501039.0ns 177616328 311000 4.976e+09
+2285001039.0ns 177928768 312440 4.99904e+09
+2285501039.0ns 178241208 312440 4.99904e+09
+2286001039.0ns 178553648 312440 4.99904e+09
+2286501039.0ns 178866068 312420 4.99872e+09
+2287001039.0ns 179177068 311000 4.976e+09
+2287501039.0ns 179489508 312440 4.99904e+09
+2288001039.0ns 179801948 312440 4.99904e+09
+2288501039.0ns 180114368 312420 4.99872e+09
+2289001039.0ns 180425368 311000 4.976e+09
+2289501039.0ns 180737808 312440 4.99904e+09
+2290001039.0ns 181050248 312440 4.99904e+09
+2290501039.0ns 181362668 312420 4.99872e+09
+2291001039.0ns 181673668 311000 4.976e+09
+2291501039.0ns 181986108 312440 4.99904e+09
+2292001039.0ns 182298548 312440 4.99904e+09
+2292501039.0ns 182610968 312420 4.99872e+09
+2293001039.0ns 182921968 311000 4.976e+09
+2293501039.0ns 183234408 312440 4.99904e+09
+2294001039.0ns 183546848 312440 4.99904e+09
+2294501039.0ns 183859288 312440 4.99904e+09
+2295001039.0ns 184171708 312420 4.99872e+09
+2295501039.0ns 184482708 311000 4.976e+09
+2296001039.0ns 184795148 312440 4.99904e+09
+2296501039.0ns 185107588 312440 4.99904e+09
+2297001039.0ns 185420008 312420 4.99872e+09
+2297501039.0ns 185731008 311000 4.976e+09
+2298001039.0ns 186043448 312440 4.99904e+09
+2298501039.0ns 186355888 312440 4.99904e+09
+2299001039.0ns 186668308 312420 4.99872e+09
+2299501039.0ns 186979308 311000 4.976e+09
+2300001039.0ns 187291748 312440 4.99904e+09
+2300501039.0ns 187604188 312440 4.99904e+09
+2301001039.0ns 187916628 312440 4.99904e+09
+2301501039.0ns 188229048 312420 4.99872e+09
+2302001039.0ns 188540048 311000 4.976e+09
+2302501039.0ns 188852488 312440 4.99904e+09
+2303001039.0ns 189164928 312440 4.99904e+09
+2303501039.0ns 189477348 312420 4.99872e+09
+2304001039.0ns 189788348 311000 4.976e+09
+2304501039.0ns 190100788 312440 4.99904e+09
+2305001039.0ns 190413228 312440 4.99904e+09
+2305501039.0ns 190725648 312420 4.99872e+09
+2306001039.0ns 191036648 311000 4.976e+09
+2306501039.0ns 191349088 312440 4.99904e+09
+2307001039.0ns 191661528 312440 4.99904e+09
+2307501039.0ns 191973948 312420 4.99872e+09
+2308001039.0ns 192284948 311000 4.976e+09
+2308501039.0ns 192597388 312440 4.99904e+09
+2309001039.0ns 192909828 312440 4.99904e+09
+2309501039.0ns 193222268 312440 4.99904e+09
+2310001039.0ns 193534688 312420 4.99872e+09
+2310501039.0ns 193845688 311000 4.976e+09
+2311001039.0ns 194158128 312440 4.99904e+09
+2311501039.0ns 194470568 312440 4.99904e+09
+2312001039.0ns 194782988 312420 4.99872e+09
+2312501039.0ns 195093988 311000 4.976e+09
+2313001039.0ns 195406428 312440 4.99904e+09
+2313501039.0ns 195718868 312440 4.99904e+09
+2314001039.0ns 196031288 312420 4.99872e+09
+2314501039.0ns 196342288 311000 4.976e+09
+2315001039.0ns 196654728 312440 4.99904e+09
+2315501039.0ns 196967168 312440 4.99904e+09
+2316001039.0ns 197279608 312440 4.99904e+09
+2316501039.0ns 197590588 310980 4.97568e+09
+2317001039.0ns 197903028 312440 4.99904e+09
+2317501039.0ns 198215468 312440 4.99904e+09
+2318001039.0ns 198527908 312440 4.99904e+09
+2318501039.0ns 198840328 312420 4.99872e+09
+2319001039.0ns 199151328 311000 4.976e+09
+2319501039.0ns 199463768 312440 4.99904e+09
+2320001039.0ns 199776208 312440 4.99904e+09
+2320501039.0ns 200088628 312420 4.99872e+09
+2321001039.0ns 200399628 311000 4.976e+09
+2321501039.0ns 200712068 312440 4.99904e+09
+2322001039.0ns 201024508 312440 4.99904e+09
+2322501039.0ns 201336928 312420 4.99872e+09
+2323001039.0ns 201647928 311000 4.976e+09
+2323501039.0ns 201960368 312440 4.99904e+09
+2324001039.0ns 202272808 312440 4.99904e+09
+2324501039.0ns 202585248 312440 4.99904e+09
+2325001039.0ns 202897668 312420 4.99872e+09
+2325501039.0ns 203208668 311000 4.976e+09
+2326001039.0ns 203521108 312440 4.99904e+09
+2326501039.0ns 203833548 312440 4.99904e+09
+2327001039.0ns 204145968 312420 4.99872e+09
+2327501039.0ns 204456968 311000 4.976e+09
+2328001039.0ns 204769408 312440 4.99904e+09
+2328501039.0ns 205081848 312440 4.99904e+09
+2329001039.0ns 205394268 312420 4.99872e+09
+2329501039.0ns 205705268 311000 4.976e+09
+2330001039.0ns 206017708 312440 4.99904e+09
+2330501039.0ns 206330148 312440 4.99904e+09
+2331001039.0ns 206642588 312440 4.99904e+09
+2331501039.0ns 206953568 310980 4.97568e+09
+2332001039.0ns 207266008 312440 4.99904e+09
+2332501039.0ns 207578448 312440 4.99904e+09
+2333001039.0ns 207890888 312440 4.99904e+09
+2333501039.0ns 208203308 312420 4.99872e+09
+2334001039.0ns 208514308 311000 4.976e+09
+2334501039.0ns 208826748 312440 4.99904e+09
+2335001039.0ns 209139188 312440 4.99904e+09
+2335501039.0ns 209451608 312420 4.99872e+09
+2336001039.0ns 209762608 311000 4.976e+09
+2336501039.0ns 210075048 312440 4.99904e+09
+2337001039.0ns 210387488 312440 4.99904e+09
+2337501039.0ns 210699908 312420 4.99872e+09
+2338001039.0ns 211010908 311000 4.976e+09
+2338501039.0ns 211323348 312440 4.99904e+09
+2339001039.0ns 211635788 312440 4.99904e+09
+2339501039.0ns 211948228 312440 4.99904e+09
+2340001039.0ns 212260648 312420 4.99872e+09
+2340501039.0ns 212571648 311000 4.976e+09
+2341001039.0ns 212884088 312440 4.99904e+09
+2341501039.0ns 213196528 312440 4.99904e+09
+2342001039.0ns 213508948 312420 4.99872e+09
+2342501039.0ns 213819948 311000 4.976e+09
+2343001039.0ns 214132388 312440 4.99904e+09
+2343501039.0ns 214444828 312440 4.99904e+09
+2344001039.0ns 214757248 312420 4.99872e+09
+2344501039.0ns 215068248 311000 4.976e+09
+2345001039.0ns 215380688 312440 4.99904e+09
+2345501039.0ns 215693128 312440 4.99904e+09
+2346001039.0ns 216005568 312440 4.99904e+09
+2346501039.0ns 216316548 310980 4.97568e+09
+2347001039.0ns 216628988 312440 4.99904e+09
+2347501039.0ns 216941428 312440 4.99904e+09
+2348001039.0ns 217253868 312440 4.99904e+09
+2348501039.0ns 217566288 312420 4.99872e+09
+2349001039.0ns 217877288 311000 4.976e+09
+2349501039.0ns 218189728 312440 4.99904e+09
+2350001039.0ns 218502168 312440 4.99904e+09
+2350501039.0ns 218814588 312420 4.99872e+09
+2351001039.0ns 219125588 311000 4.976e+09
+2351501039.0ns 219438028 312440 4.99904e+09
+2352001039.0ns 219750468 312440 4.99904e+09
+2352501039.0ns 220062888 312420 4.99872e+09
+2353001039.0ns 220373888 311000 4.976e+09
+2353501039.0ns 220686328 312440 4.99904e+09
+2354001039.0ns 220998768 312440 4.99904e+09
+2354501039.0ns 221311208 312440 4.99904e+09
+2355001039.0ns 221623628 312420 4.99872e+09
+2355501039.0ns 221934628 311000 4.976e+09
+2356001039.0ns 222247068 312440 4.99904e+09
+2356501039.0ns 222559508 312440 4.99904e+09
+2357001039.0ns 222871928 312420 4.99872e+09
+2357501039.0ns 223182928 311000 4.976e+09
+2358001039.0ns 223495368 312440 4.99904e+09
+2358501039.0ns 223807808 312440 4.99904e+09
+2359001039.0ns 224120228 312420 4.99872e+09
+2359501039.0ns 224431228 311000 4.976e+09
+2360001039.0ns 224743668 312440 4.99904e+09
+2360501039.0ns 225056108 312440 4.99904e+09
+2361001039.0ns 225368548 312440 4.99904e+09
+2361501039.0ns 225679528 310980 4.97568e+09
+2362001039.0ns 225991968 312440 4.99904e+09
+2362501039.0ns 226304408 312440 4.99904e+09
+2363001039.0ns 226616848 312440 4.99904e+09
+2363501039.0ns 226929268 312420 4.99872e+09
+2364001039.0ns 227240268 311000 4.976e+09
+2364501039.0ns 227552708 312440 4.99904e+09
+2365001039.0ns 227865148 312440 4.99904e+09
+2365501039.0ns 228177568 312420 4.99872e+09
+2366001039.0ns 228488568 311000 4.976e+09
+2366501039.0ns 228801008 312440 4.99904e+09
+2367001039.0ns 229113448 312440 4.99904e+09
+2367501039.0ns 229425868 312420 4.99872e+09
+2368001039.0ns 229736868 311000 4.976e+09
+2368501039.0ns 230049308 312440 4.99904e+09
+2369001039.0ns 230361748 312440 4.99904e+09
+2369501039.0ns 230674188 312440 4.99904e+09
+2370001039.0ns 230986608 312420 4.99872e+09
+2370501039.0ns 231297608 311000 4.976e+09
+2371001039.0ns 231610048 312440 4.99904e+09
+2371501039.0ns 231922488 312440 4.99904e+09
+2372001039.0ns 232234908 312420 4.99872e+09
+2372501039.0ns 232545908 311000 4.976e+09
+2373001039.0ns 232858348 312440 4.99904e+09
+2373501039.0ns 233170788 312440 4.99904e+09
+2374001039.0ns 233483208 312420 4.99872e+09
+2374501039.0ns 233794208 311000 4.976e+09
+2375001039.0ns 234106648 312440 4.99904e+09
+2375501039.0ns 234419088 312440 4.99904e+09
+2376001039.0ns 234731508 312420 4.99872e+09
+2376501039.0ns 235042508 311000 4.976e+09
+2377001039.0ns 235354948 312440 4.99904e+09
+2377501039.0ns 235667388 312440 4.99904e+09
+2378001039.0ns 235979828 312440 4.99904e+09
+2378501039.0ns 236292248 312420 4.99872e+09
+2379001039.0ns 236603248 311000 4.976e+09
+2379501039.0ns 236915688 312440 4.99904e+09
+2380001039.0ns 237228128 312440 4.99904e+09
+2380501039.0ns 237540548 312420 4.99872e+09
+2381001039.0ns 237851548 311000 4.976e+09
+2381501039.0ns 238163988 312440 4.99904e+09
+2382001039.0ns 238476428 312440 4.99904e+09
+2382501039.0ns 238788848 312420 4.99872e+09
+2383001039.0ns 239099848 311000 4.976e+09
+2383501039.0ns 239412288 312440 4.99904e+09
+2384001039.0ns 239724728 312440 4.99904e+09
+2384501039.0ns 240037168 312440 4.99904e+09
+2385001039.0ns 240349588 312420 4.99872e+09
+2385501039.0ns 240660588 311000 4.976e+09
+2386001039.0ns 240973028 312440 4.99904e+09
+2386501039.0ns 241285468 312440 4.99904e+09
+2387001039.0ns 241597888 312420 4.99872e+09
+2387501039.0ns 241908888 311000 4.976e+09
+2388001039.0ns 242221328 312440 4.99904e+09
+2388501039.0ns 242533768 312440 4.99904e+09
+2389001039.0ns 242846188 312420 4.99872e+09
+2389501039.0ns 243157188 311000 4.976e+09
+2390001039.0ns 243469628 312440 4.99904e+09
+2390501039.0ns 243782068 312440 4.99904e+09
+2391001039.0ns 244094488 312420 4.99872e+09
+2391501039.0ns 244405488 311000 4.976e+09
+2392001039.0ns 244717928 312440 4.99904e+09
+2392501039.0ns 245030368 312440 4.99904e+09
+2393001039.0ns 245342808 312440 4.99904e+09
+2393501039.0ns 245655228 312420 4.99872e+09
+2394001039.0ns 245966228 311000 4.976e+09
+2394501039.0ns 246278668 312440 4.99904e+09
+2395001039.0ns 246591108 312440 4.99904e+09
+2395501039.0ns 246903528 312420 4.99872e+09
+2396001039.0ns 247214528 311000 4.976e+09
+2396501039.0ns 247526968 312440 4.99904e+09
+2397001039.0ns 247839408 312440 4.99904e+09
+2397501039.0ns 248151828 312420 4.99872e+09
+2398001039.0ns 248462828 311000 4.976e+09
+2398501039.0ns 248775268 312440 4.99904e+09
+2399001039.0ns 249087708 312440 4.99904e+09
+2399501039.0ns 249400148 312440 4.99904e+09
+2400001039.0ns 249712568 312420 4.99872e+09
+2400501039.0ns 250023568 311000 4.976e+09
+2401001039.0ns 250336008 312440 4.99904e+09
+2401501039.0ns 250648448 312440 4.99904e+09
+2402001039.0ns 250960868 312420 4.99872e+09
+2402501039.0ns 251271868 311000 4.976e+09
+2403001039.0ns 251584308 312440 4.99904e+09
+2403501039.0ns 251896748 312440 4.99904e+09
+2404001039.0ns 252209168 312420 4.99872e+09
+2404501039.0ns 252520168 311000 4.976e+09
+2405001039.0ns 252832608 312440 4.99904e+09
+2405501039.0ns 253145048 312440 4.99904e+09
+2406001039.0ns 253457468 312420 4.99872e+09
+2406501039.0ns 253768468 311000 4.976e+09
+2407001039.0ns 254080908 312440 4.99904e+09
+2407501039.0ns 254393348 312440 4.99904e+09
+2408001039.0ns 254705788 312440 4.99904e+09
+2408501039.0ns 255018208 312420 4.99872e+09
+2409001039.0ns 255329208 311000 4.976e+09
+2409501039.0ns 255641648 312440 4.99904e+09
+2410001039.0ns 255954088 312440 4.99904e+09
+2410501039.0ns 256266508 312420 4.99872e+09
+2411001039.0ns 256577508 311000 4.976e+09
+2411501039.0ns 256889948 312440 4.99904e+09
+2412001039.0ns 257202388 312440 4.99904e+09
+2412501039.0ns 257514808 312420 4.99872e+09
+2413001039.0ns 257825808 311000 4.976e+09
+2413501039.0ns 258138248 312440 4.99904e+09
+2414001039.0ns 258450688 312440 4.99904e+09
+2414501039.0ns 258763128 312440 4.99904e+09
+2415001039.0ns 259075548 312420 4.99872e+09
+2415501039.0ns 259386548 311000 4.976e+09
+2416001039.0ns 259698988 312440 4.99904e+09
+2416501039.0ns 260011428 312440 4.99904e+09
+2417001039.0ns 260323848 312420 4.99872e+09
+2417501039.0ns 260634848 311000 4.976e+09
+2418001039.0ns 260947288 312440 4.99904e+09
+2418501039.0ns 261259728 312440 4.99904e+09
+2419001039.0ns 261572148 312420 4.99872e+09
+2419501039.0ns 261883148 311000 4.976e+09
+2420001039.0ns 262195588 312440 4.99904e+09
+2420501039.0ns 262508028 312440 4.99904e+09
+2421001039.0ns 262820448 312420 4.99872e+09
+2421501039.0ns 263131448 311000 4.976e+09
+2422001039.0ns 263443888 312440 4.99904e+09
+2422501039.0ns 263756328 312440 4.99904e+09
+2423001039.0ns 264068768 312440 4.99904e+09
+2423501039.0ns 264381188 312420 4.99872e+09
+2424001039.0ns 264692188 311000 4.976e+09
+2424501039.0ns 265004628 312440 4.99904e+09
+2425001039.0ns 265317068 312440 4.99904e+09
+2425501039.0ns 265629488 312420 4.99872e+09
+2426001039.0ns 265940488 311000 4.976e+09
+2426501039.0ns 266252928 312440 4.99904e+09
+2427001039.0ns 266565368 312440 4.99904e+09
+2427501039.0ns 266877788 312420 4.99872e+09
+2428001039.0ns 267188788 311000 4.976e+09
+2428501039.0ns 267501228 312440 4.99904e+09
+2429001039.0ns 267813668 312440 4.99904e+09
+2429501039.0ns 268126108 312440 4.99904e+09
+2430001039.0ns 268438528 312420 4.99872e+09
+2430501039.0ns 268749528 311000 4.976e+09
+2431001039.0ns 269061968 312440 4.99904e+09
+2431501039.0ns 269374408 312440 4.99904e+09
+2432001039.0ns 269686828 312420 4.99872e+09
+2432501039.0ns 269997828 311000 4.976e+09
+2433001039.0ns 270310268 312440 4.99904e+09
+2433501039.0ns 270622708 312440 4.99904e+09
+2434001039.0ns 270935128 312420 4.99872e+09
+2434501039.0ns 271246128 311000 4.976e+09
+2435001039.0ns 271558568 312440 4.99904e+09
+2435501039.0ns 271871008 312440 4.99904e+09
+2436001039.0ns 272183428 312420 4.99872e+09
+2436501039.0ns 272494428 311000 4.976e+09
+2437001039.0ns 272806868 312440 4.99904e+09
+2437501039.0ns 273119308 312440 4.99904e+09
+2438001039.0ns 273431748 312440 4.99904e+09
+2438501039.0ns 273744168 312420 4.99872e+09
+2439001039.0ns 274055168 311000 4.976e+09
+2439501039.0ns 274367608 312440 4.99904e+09
+2440001039.0ns 274680048 312440 4.99904e+09
+2440501039.0ns 274992468 312420 4.99872e+09
+2441001039.0ns 275303468 311000 4.976e+09
+2441501039.0ns 275615908 312440 4.99904e+09
+2442001039.0ns 275928348 312440 4.99904e+09
+2442501039.0ns 276240768 312420 4.99872e+09
+2443001039.0ns 276551768 311000 4.976e+09
+2443501039.0ns 276864208 312440 4.99904e+09
+2444001039.0ns 277176648 312440 4.99904e+09
+2444501039.0ns 277489088 312440 4.99904e+09
+2445001039.0ns 277801508 312420 4.99872e+09
+2445501039.0ns 278112508 311000 4.976e+09
+2446001039.0ns 278424948 312440 4.99904e+09
+2446501039.0ns 278737388 312440 4.99904e+09
+2447001039.0ns 279049808 312420 4.99872e+09
+2447501039.0ns 279360808 311000 4.976e+09
+2448001039.0ns 279673248 312440 4.99904e+09
+2448501039.0ns 279985688 312440 4.99904e+09
+2449001039.0ns 280298108 312420 4.99872e+09
+2449501039.0ns 280609108 311000 4.976e+09
+2450001039.0ns 280921548 312440 4.99904e+09
+2450501039.0ns 281233988 312440 4.99904e+09
+2451001039.0ns 281546408 312420 4.99872e+09
+2451501039.0ns 281857408 311000 4.976e+09
+2452001039.0ns 282169848 312440 4.99904e+09
+2452501039.0ns 282482288 312440 4.99904e+09
+2453001039.0ns 282794728 312440 4.99904e+09
+2453501039.0ns 283107148 312420 4.99872e+09
+2454001039.0ns 283418148 311000 4.976e+09
+2454501039.0ns 283730588 312440 4.99904e+09
+2455001039.0ns 284043028 312440 4.99904e+09
+2455501039.0ns 284355448 312420 4.99872e+09
+2456001039.0ns 284666448 311000 4.976e+09
+2456501039.0ns 284978888 312440 4.99904e+09
+2457001039.0ns 285291328 312440 4.99904e+09
+2457501039.0ns 285603748 312420 4.99872e+09
+2458001039.0ns 285914748 311000 4.976e+09
+2458501039.0ns 286227188 312440 4.99904e+09
+2459001039.0ns 286539628 312440 4.99904e+09
+2459501039.0ns 286852068 312440 4.99904e+09
+2460001039.0ns 287164488 312420 4.99872e+09
+2460501039.0ns 287475488 311000 4.976e+09
+2461001039.0ns 287787928 312440 4.99904e+09
+2461501039.0ns 288100368 312440 4.99904e+09
+2462001039.0ns 288412788 312420 4.99872e+09
+2462501039.0ns 288723788 311000 4.976e+09
+2463001039.0ns 289036228 312440 4.99904e+09
+2463501039.0ns 289348668 312440 4.99904e+09
+2464001039.0ns 289661088 312420 4.99872e+09
+2464501039.0ns 289972088 311000 4.976e+09
+2465001039.0ns 290284528 312440 4.99904e+09
+2465501039.0ns 290596968 312440 4.99904e+09
+2466001039.0ns 290909388 312420 4.99872e+09
+2466501039.0ns 291220388 311000 4.976e+09
+2467001039.0ns 291532828 312440 4.99904e+09
+2467501039.0ns 291845268 312440 4.99904e+09
+2468001039.0ns 292157708 312440 4.99904e+09
+2468501039.0ns 292470128 312420 4.99872e+09
+2469001039.0ns 292781128 311000 4.976e+09
+2469501039.0ns 293093568 312440 4.99904e+09
+2470001039.0ns 293406008 312440 4.99904e+09
+2470501039.0ns 293718428 312420 4.99872e+09
+2471001039.0ns 294029428 311000 4.976e+09
+2471501039.0ns 294341868 312440 4.99904e+09
+2472001039.0ns 294654308 312440 4.99904e+09
+2472501039.0ns 294966728 312420 4.99872e+09
+2473001039.0ns 295277728 311000 4.976e+09
+2473501039.0ns 295590168 312440 4.99904e+09
+2474001039.0ns 295902608 312440 4.99904e+09
+2474501039.0ns 296215048 312440 4.99904e+09
+2475001039.0ns 296526028 310980 4.97568e+09
+2475501039.0ns 296838468 312440 4.99904e+09
+2476001039.0ns 297150908 312440 4.99904e+09
+2476501039.0ns 297463348 312440 4.99904e+09
+2477001039.0ns 297775768 312420 4.99872e+09
+2477501039.0ns 298086768 311000 4.976e+09
+2478001039.0ns 298399208 312440 4.99904e+09
+2478501039.0ns 298711648 312440 4.99904e+09
+2479001039.0ns 299024068 312420 4.99872e+09
+2479501039.0ns 299335068 311000 4.976e+09
+2480001039.0ns 299647508 312440 4.99904e+09
+2480501039.0ns 299959948 312440 4.99904e+09
+2481001039.0ns 300272368 312420 4.99872e+09
+2481501039.0ns 300583368 311000 4.976e+09
+2482001039.0ns 300895808 312440 4.99904e+09
+2482501039.0ns 301208248 312440 4.99904e+09
+2483001039.0ns 301520688 312440 4.99904e+09
+2483501039.0ns 301833108 312420 4.99872e+09
+2484001039.0ns 302144108 311000 4.976e+09
+2484501039.0ns 302456548 312440 4.99904e+09
+2485001039.0ns 302768988 312440 4.99904e+09
+2485501039.0ns 303081408 312420 4.99872e+09
+2486001039.0ns 303392408 311000 4.976e+09
+2486501039.0ns 303704848 312440 4.99904e+09
+2487001039.0ns 304017288 312440 4.99904e+09
+2487501039.0ns 304329708 312420 4.99872e+09
+2488001039.0ns 304640708 311000 4.976e+09
+2488501039.0ns 304953148 312440 4.99904e+09
+2489001039.0ns 305265588 312440 4.99904e+09
+2489501039.0ns 305578028 312440 4.99904e+09
+2490001039.0ns 305889008 310980 4.97568e+09
+2490501039.0ns 306201448 312440 4.99904e+09
+2491001039.0ns 306513888 312440 4.99904e+09
+2491501039.0ns 306826328 312440 4.99904e+09
+2492001039.0ns 307138748 312420 4.99872e+09
+2492501039.0ns 307449748 311000 4.976e+09
+2493001039.0ns 307762188 312440 4.99904e+09
+2493501039.0ns 308074628 312440 4.99904e+09
+2494001039.0ns 308387048 312420 4.99872e+09
+2494501039.0ns 308698048 311000 4.976e+09
+2495001039.0ns 309010488 312440 4.99904e+09
+2495501039.0ns 309322928 312440 4.99904e+09
+2496001039.0ns 309635348 312420 4.99872e+09
+2496501039.0ns 309946348 311000 4.976e+09
+2497001039.0ns 310258788 312440 4.99904e+09
+2497501039.0ns 310571228 312440 4.99904e+09
+2498001039.0ns 310883668 312440 4.99904e+09
+2498501039.0ns 311196088 312420 4.99872e+09
+2499001039.0ns 311507088 311000 4.976e+09
+2499501039.0ns 311819528 312440 4.99904e+09
+2500001039.0ns 312131968 312440 4.99904e+09
+2500501039.0ns 312444388 312420 4.99872e+09
+2501001039.0ns 312755388 311000 4.976e+09
+2501501039.0ns 313067828 312440 4.99904e+09
+2502001039.0ns 313380268 312440 4.99904e+09
+2502501039.0ns 313692688 312420 4.99872e+09
+2503001039.0ns 314003688 311000 4.976e+09
+2503501039.0ns 314316128 312440 4.99904e+09
+2504001039.0ns 314628568 312440 4.99904e+09
+2504501039.0ns 314941008 312440 4.99904e+09
+2505001039.0ns 315251988 310980 4.97568e+09
+2505501039.0ns 315564428 312440 4.99904e+09
+2506001039.0ns 315876868 312440 4.99904e+09
+2506501039.0ns 316189308 312440 4.99904e+09
+2507001039.0ns 316501728 312420 4.99872e+09
+2507501039.0ns 316812728 311000 4.976e+09
+2508001039.0ns 317125168 312440 4.99904e+09
+2508501039.0ns 317437608 312440 4.99904e+09
+2509001039.0ns 317750028 312420 4.99872e+09
+2509501039.0ns 318061028 311000 4.976e+09
+2510001039.0ns 318373468 312440 4.99904e+09
+2510501039.0ns 318685908 312440 4.99904e+09
+2511001039.0ns 318998328 312420 4.99872e+09
+2511501039.0ns 319309328 311000 4.976e+09
+2512001039.0ns 319621768 312440 4.99904e+09
+2512501039.0ns 319934208 312440 4.99904e+09
+2513001039.0ns 320246648 312440 4.99904e+09
+2513501039.0ns 320559068 312420 4.99872e+09
+2514001039.0ns 320870068 311000 4.976e+09
+2514501039.0ns 321182508 312440 4.99904e+09
+2515001039.0ns 321494948 312440 4.99904e+09
+2515501039.0ns 321807368 312420 4.99872e+09
+2516001039.0ns 322118368 311000 4.976e+09
+2516501039.0ns 322430808 312440 4.99904e+09
+2517001039.0ns 322743248 312440 4.99904e+09
+2517501039.0ns 323055668 312420 4.99872e+09
+2518001039.0ns 323366668 311000 4.976e+09
+2518501039.0ns 323679108 312440 4.99904e+09
+2519001039.0ns 323991548 312440 4.99904e+09
+2519501039.0ns 324303988 312440 4.99904e+09
+2520001039.0ns 324614968 310980 4.97568e+09
+2520501039.0ns 324927408 312440 4.99904e+09
+2521001039.0ns 325239848 312440 4.99904e+09
+2521501039.0ns 325552288 312440 4.99904e+09
+2522001039.0ns 325864708 312420 4.99872e+09
+2522501039.0ns 326175708 311000 4.976e+09
+2523001039.0ns 326488148 312440 4.99904e+09
+2523501039.0ns 326800588 312440 4.99904e+09
+2524001039.0ns 327113008 312420 4.99872e+09
+2524501039.0ns 327424008 311000 4.976e+09
+2525001039.0ns 327736448 312440 4.99904e+09
+2525501039.0ns 328048888 312440 4.99904e+09
+2526001039.0ns 328361308 312420 4.99872e+09
+2526501039.0ns 328672308 311000 4.976e+09
+2527001039.0ns 328984748 312440 4.99904e+09
+2527501039.0ns 329297188 312440 4.99904e+09
+2528001039.0ns 329609628 312440 4.99904e+09
+2528501039.0ns 329922048 312420 4.99872e+09
+2529001039.0ns 330233048 311000 4.976e+09
+2529501039.0ns 330545488 312440 4.99904e+09
+2530001039.0ns 330857928 312440 4.99904e+09
+2530501039.0ns 331170348 312420 4.99872e+09
+2531001039.0ns 331481348 311000 4.976e+09
+2531501039.0ns 331793788 312440 4.99904e+09
+2532001039.0ns 332106228 312440 4.99904e+09
+2532501039.0ns 332418648 312420 4.99872e+09
+2533001039.0ns 332729648 311000 4.976e+09
+2533501039.0ns 333042088 312440 4.99904e+09
+2534001039.0ns 333354528 312440 4.99904e+09
+2534501039.0ns 333666968 312440 4.99904e+09
+2535001039.0ns 333977948 310980 4.97568e+09
+2535501039.0ns 334290388 312440 4.99904e+09
+2536001039.0ns 334602828 312440 4.99904e+09
+2536501039.0ns 334915268 312440 4.99904e+09
+2537001039.0ns 335227688 312420 4.99872e+09
+2537501039.0ns 335538688 311000 4.976e+09
+2538001039.0ns 335851128 312440 4.99904e+09
+2538501039.0ns 336163568 312440 4.99904e+09
+2539001039.0ns 336475988 312420 4.99872e+09
+2539501039.0ns 336786988 311000 4.976e+09
+2540001039.0ns 337099428 312440 4.99904e+09
+2540501039.0ns 337411868 312440 4.99904e+09
+2541001039.0ns 337724288 312420 4.99872e+09
+2541501039.0ns 338035288 311000 4.976e+09
+2542001039.0ns 338347728 312440 4.99904e+09
+2542501039.0ns 338660168 312440 4.99904e+09
+2543001039.0ns 338972608 312440 4.99904e+09
+2543501039.0ns 339285028 312420 4.99872e+09
+2544001039.0ns 339596028 311000 4.976e+09
+2544501039.0ns 339908468 312440 4.99904e+09
+2545001039.0ns 340220908 312440 4.99904e+09
+2545501039.0ns 340533328 312420 4.99872e+09
+2546001039.0ns 340844328 311000 4.976e+09
+2546501039.0ns 341156768 312440 4.99904e+09
+2547001039.0ns 341469208 312440 4.99904e+09
+2547501039.0ns 341781628 312420 4.99872e+09
+2548001039.0ns 342092628 311000 4.976e+09
+2548501039.0ns 342405068 312440 4.99904e+09
+2549001039.0ns 342717508 312440 4.99904e+09
+2549501039.0ns 343029928 312420 4.99872e+09
+2550001039.0ns 343340928 311000 4.976e+09
+2550501039.0ns 343653368 312440 4.99904e+09
+2551001039.0ns 343965808 312440 4.99904e+09
+2551501039.0ns 344278248 312440 4.99904e+09
+2552001039.0ns 344590668 312420 4.99872e+09
+2552501039.0ns 344901668 311000 4.976e+09
+2553001039.0ns 345214108 312440 4.99904e+09
+2553501039.0ns 345526548 312440 4.99904e+09
+2554001039.0ns 345838968 312420 4.99872e+09
+2554501039.0ns 346149968 311000 4.976e+09
+2555001039.0ns 346462408 312440 4.99904e+09
+2555501039.0ns 346774848 312440 4.99904e+09
+2556001039.0ns 347087268 312420 4.99872e+09
+2556501039.0ns 347398268 311000 4.976e+09
+2557001039.0ns 347710708 312440 4.99904e+09
+2557501039.0ns 348023148 312440 4.99904e+09
+2558001039.0ns 348335588 312440 4.99904e+09
+2558501039.0ns 348648008 312420 4.99872e+09
+2559001039.0ns 348959008 311000 4.976e+09
+2559501039.0ns 349271448 312440 4.99904e+09
+2560001039.0ns 349583888 312440 4.99904e+09
+2560501039.0ns 349896308 312420 4.99872e+09
+2561001039.0ns 350207308 311000 4.976e+09
+2561501039.0ns 350519748 312440 4.99904e+09
+2562001039.0ns 350832188 312440 4.99904e+09
+2562501039.0ns 351144608 312420 4.99872e+09
+2563001039.0ns 351455608 311000 4.976e+09
+2563501039.0ns 351768048 312440 4.99904e+09
+2564001039.0ns 352080488 312440 4.99904e+09
+2564501039.0ns 352392908 312420 4.99872e+09
+2565001039.0ns 352703908 311000 4.976e+09
+2565501039.0ns 353016348 312440 4.99904e+09
+2566001039.0ns 353328788 312440 4.99904e+09
+2566501039.0ns 353641228 312440 4.99904e+09
+2567001039.0ns 353953648 312420 4.99872e+09
+2567501039.0ns 354264648 311000 4.976e+09
+2568001039.0ns 354577088 312440 4.99904e+09
+2568501039.0ns 354889528 312440 4.99904e+09
+2569001039.0ns 355201948 312420 4.99872e+09
+2569501039.0ns 355512948 311000 4.976e+09
+2570001039.0ns 355825388 312440 4.99904e+09
+2570501039.0ns 356137828 312440 4.99904e+09
+2571001039.0ns 356450248 312420 4.99872e+09
+2571501039.0ns 356761248 311000 4.976e+09
+2572001039.0ns 357073688 312440 4.99904e+09
+2572501039.0ns 357386128 312440 4.99904e+09
+2573001039.0ns 357698568 312440 4.99904e+09
+2573501039.0ns 358010988 312420 4.99872e+09
+2574001039.0ns 358321988 311000 4.976e+09
+2574501039.0ns 358634428 312440 4.99904e+09
+2575001039.0ns 358946868 312440 4.99904e+09
+2575501039.0ns 359259288 312420 4.99872e+09
+2576001039.0ns 359570288 311000 4.976e+09
+2576501039.0ns 359882728 312440 4.99904e+09
+2577001039.0ns 360195168 312440 4.99904e+09
+2577501039.0ns 360507588 312420 4.99872e+09
+2578001039.0ns 360818588 311000 4.976e+09
+2578501039.0ns 361131028 312440 4.99904e+09
+2579001039.0ns 361443468 312440 4.99904e+09
+2579501039.0ns 361755888 312420 4.99872e+09
+2580001039.0ns 362066888 311000 4.976e+09
+2580501039.0ns 362379328 312440 4.99904e+09
+2581001039.0ns 362691768 312440 4.99904e+09
+2581501039.0ns 363004208 312440 4.99904e+09
+2582001039.0ns 363316628 312420 4.99872e+09
+2582501039.0ns 363627628 311000 4.976e+09
+2583001039.0ns 363940068 312440 4.99904e+09
+2583501039.0ns 364252508 312440 4.99904e+09
+2584001039.0ns 364564928 312420 4.99872e+09
+2584501039.0ns 364875928 311000 4.976e+09
+2585001039.0ns 365188368 312440 4.99904e+09
+2585501039.0ns 365500808 312440 4.99904e+09
+2586001039.0ns 365813228 312420 4.99872e+09
+2586501039.0ns 366124228 311000 4.976e+09
+2587001039.0ns 366436668 312440 4.99904e+09
+2587501039.0ns 366749108 312440 4.99904e+09
+2588001039.0ns 367061548 312440 4.99904e+09
+2588501039.0ns 367373968 312420 4.99872e+09
+2589001039.0ns 367684968 311000 4.976e+09
+2589501039.0ns 367997408 312440 4.99904e+09
+2590001039.0ns 368309848 312440 4.99904e+09
+2590501039.0ns 368622268 312420 4.99872e+09
+2591001039.0ns 368933268 311000 4.976e+09
+2591501039.0ns 369245708 312440 4.99904e+09
+2592001039.0ns 369558148 312440 4.99904e+09
+2592501039.0ns 369870568 312420 4.99872e+09
+2593001039.0ns 370181568 311000 4.976e+09
+2593501039.0ns 370494008 312440 4.99904e+09
+2594001039.0ns 370806448 312440 4.99904e+09
+2594501039.0ns 371118868 312420 4.99872e+09
+2595001039.0ns 371429868 311000 4.976e+09
+2595501039.0ns 371742308 312440 4.99904e+09
+2596001039.0ns 372054748 312440 4.99904e+09
+2596501039.0ns 372367188 312440 4.99904e+09
+2597001039.0ns 372679608 312420 4.99872e+09
+2597501039.0ns 372990608 311000 4.976e+09
+2598001039.0ns 373303048 312440 4.99904e+09
+2598501039.0ns 373615488 312440 4.99904e+09
+2599001039.0ns 373927908 312420 4.99872e+09
+2599501039.0ns 374238908 311000 4.976e+09
+2600001039.0ns 374551348 312440 4.99904e+09
+2600501039.0ns 374863788 312440 4.99904e+09
+2601001039.0ns 375176208 312420 4.99872e+09
+2601501039.0ns 375487208 311000 4.976e+09
+2602001039.0ns 375799648 312440 4.99904e+09
+2602501039.0ns 376112088 312440 4.99904e+09
+2603001039.0ns 376424528 312440 4.99904e+09
+2603501039.0ns 376736948 312420 4.99872e+09
+2604001039.0ns 377047948 311000 4.976e+09
+2604501039.0ns 377360388 312440 4.99904e+09
+2605001039.0ns 377672828 312440 4.99904e+09
+2605501039.0ns 377985248 312420 4.99872e+09
+2606001039.0ns 378296248 311000 4.976e+09
+2606501039.0ns 378608688 312440 4.99904e+09
+2607001039.0ns 378921128 312440 4.99904e+09
+2607501039.0ns 379233548 312420 4.99872e+09
+2608001039.0ns 379544548 311000 4.976e+09
+2608501039.0ns 379856988 312440 4.99904e+09
+2609001039.0ns 380169428 312440 4.99904e+09
+2609501039.0ns 380481848 312420 4.99872e+09
+2610001039.0ns 380792848 311000 4.976e+09
+2610501039.0ns 381105288 312440 4.99904e+09
+2611001039.0ns 381417728 312440 4.99904e+09
+2611501039.0ns 381730168 312440 4.99904e+09
+2612001039.0ns 382042588 312420 4.99872e+09
+2612501039.0ns 382353588 311000 4.976e+09
+2613001039.0ns 382666028 312440 4.99904e+09
+2613501039.0ns 382978468 312440 4.99904e+09
+2614001039.0ns 383290888 312420 4.99872e+09
+2614501039.0ns 383601888 311000 4.976e+09
+2615001039.0ns 383914328 312440 4.99904e+09
+2615501039.0ns 384226768 312440 4.99904e+09
+2616001039.0ns 384539188 312420 4.99872e+09
+2616501039.0ns 384850188 311000 4.976e+09
+2617001039.0ns 385162628 312440 4.99904e+09
+2617501039.0ns 385475068 312440 4.99904e+09
+2618001039.0ns 385787508 312440 4.99904e+09
+2618501039.0ns 386099928 312420 4.99872e+09
+2619001039.0ns 386410928 311000 4.976e+09
+2619501039.0ns 386723368 312440 4.99904e+09
+2620001039.0ns 387035808 312440 4.99904e+09
+2620501039.0ns 387348228 312420 4.99872e+09
+2621001039.0ns 387659228 311000 4.976e+09
+2621501039.0ns 387971668 312440 4.99904e+09
+2622001039.0ns 388284108 312440 4.99904e+09
+2622501039.0ns 388596528 312420 4.99872e+09
+2623001039.0ns 388907528 311000 4.976e+09
+2623501039.0ns 389219968 312440 4.99904e+09
+2624001039.0ns 389532408 312440 4.99904e+09
+2624501039.0ns 389844828 312420 4.99872e+09
+2625001039.0ns 390155828 311000 4.976e+09
+2625501039.0ns 390468268 312440 4.99904e+09
+2626001039.0ns 390780708 312440 4.99904e+09
+2626501039.0ns 391093148 312440 4.99904e+09
+2627001039.0ns 391405568 312420 4.99872e+09
+2627501039.0ns 391716568 311000 4.976e+09
+2628001039.0ns 392029008 312440 4.99904e+09
+2628501039.0ns 392341448 312440 4.99904e+09
+2629001039.0ns 392653868 312420 4.99872e+09
+2629501039.0ns 392964868 311000 4.976e+09
+2630001039.0ns 393277308 312440 4.99904e+09
+2630501039.0ns 393589748 312440 4.99904e+09
+2631001039.0ns 393902168 312420 4.99872e+09
+2631501039.0ns 394213168 311000 4.976e+09
+2632001039.0ns 394525608 312440 4.99904e+09
+2632501039.0ns 394838048 312440 4.99904e+09
+2633001039.0ns 395150488 312440 4.99904e+09
+2633501039.0ns 395462908 312420 4.99872e+09
+2634001039.0ns 395773908 311000 4.976e+09
+2634501039.0ns 396086348 312440 4.99904e+09
+2635001039.0ns 396398788 312440 4.99904e+09
+2635501039.0ns 396711208 312420 4.99872e+09
+2636001039.0ns 397022208 311000 4.976e+09
+2636501039.0ns 397334648 312440 4.99904e+09
+2637001039.0ns 397647088 312440 4.99904e+09
+2637501039.0ns 397959508 312420 4.99872e+09
+2638001039.0ns 398270508 311000 4.976e+09
+2638501039.0ns 398582948 312440 4.99904e+09
+2639001039.0ns 398895388 312440 4.99904e+09
+2639501039.0ns 399207808 312420 4.99872e+09
+2640001039.0ns 399518808 311000 4.976e+09
+2640501039.0ns 399831248 312440 4.99904e+09
+2641001039.0ns 400143688 312440 4.99904e+09
+2641501039.0ns 400456128 312440 4.99904e+09
+2642001039.0ns 400768548 312420 4.99872e+09
+2642501039.0ns 401079548 311000 4.976e+09
+2643001039.0ns 401391988 312440 4.99904e+09
+2643501039.0ns 401704428 312440 4.99904e+09
+2644001039.0ns 402016848 312420 4.99872e+09
+2644501039.0ns 402327848 311000 4.976e+09
+2645001039.0ns 402640288 312440 4.99904e+09
+2645501039.0ns 402952728 312440 4.99904e+09
+2646001039.0ns 403265148 312420 4.99872e+09
+2646501039.0ns 403576148 311000 4.976e+09
+2647001039.0ns 403888588 312440 4.99904e+09
+2647501039.0ns 404201028 312440 4.99904e+09
+2648001039.0ns 404513468 312440 4.99904e+09
+2648501039.0ns 404824448 310980 4.97568e+09
+2649001039.0ns 405136888 312440 4.99904e+09
+2649501039.0ns 405449328 312440 4.99904e+09
+2650001039.0ns 405761768 312440 4.99904e+09
+2650501039.0ns 406074188 312420 4.99872e+09
+2651001039.0ns 406385188 311000 4.976e+09
+2651501039.0ns 406697628 312440 4.99904e+09
+2652001039.0ns 407010068 312440 4.99904e+09
+2652501039.0ns 407322488 312420 4.99872e+09
+2653001039.0ns 407633488 311000 4.976e+09
+2653501039.0ns 407945928 312440 4.99904e+09
+2654001039.0ns 408258368 312440 4.99904e+09
+2654501039.0ns 408570788 312420 4.99872e+09
+2655001039.0ns 408881788 311000 4.976e+09
+2655501039.0ns 409194228 312440 4.99904e+09
+2656001039.0ns 409506668 312440 4.99904e+09
+2656501039.0ns 409819108 312440 4.99904e+09
+2657001039.0ns 410131528 312420 4.99872e+09
+2657501039.0ns 410442528 311000 4.976e+09
+2658001039.0ns 410754968 312440 4.99904e+09
+2658501039.0ns 411067408 312440 4.99904e+09
+2659001039.0ns 411379828 312420 4.99872e+09
+2659501039.0ns 411690828 311000 4.976e+09
+2660001039.0ns 412003268 312440 4.99904e+09
+2660501039.0ns 412315708 312440 4.99904e+09
+2661001039.0ns 412628128 312420 4.99872e+09
+2661501039.0ns 412939128 311000 4.976e+09
+2662001039.0ns 413251568 312440 4.99904e+09
+2662501039.0ns 413564008 312440 4.99904e+09
+2663001039.0ns 413876448 312440 4.99904e+09
+2663501039.0ns 414187428 310980 4.97568e+09
+2664001039.0ns 414499868 312440 4.99904e+09
+2664501039.0ns 414812308 312440 4.99904e+09
+2665001039.0ns 415124748 312440 4.99904e+09
+2665501039.0ns 415437168 312420 4.99872e+09
+2666001039.0ns 415748168 311000 4.976e+09
+2666501039.0ns 416060608 312440 4.99904e+09
+2667001039.0ns 416373048 312440 4.99904e+09
+2667501039.0ns 416685468 312420 4.99872e+09
+2668001039.0ns 416996468 311000 4.976e+09
+2668501039.0ns 417308908 312440 4.99904e+09
+2669001039.0ns 417621348 312440 4.99904e+09
+2669501039.0ns 417933768 312420 4.99872e+09
+2670001039.0ns 418244768 311000 4.976e+09
+2670501039.0ns 418557208 312440 4.99904e+09
+2671001039.0ns 418869648 312440 4.99904e+09
+2671501039.0ns 419182088 312440 4.99904e+09
+2672001039.0ns 419494508 312420 4.99872e+09
+2672501039.0ns 419805508 311000 4.976e+09
+2673001039.0ns 420117948 312440 4.99904e+09
+2673501039.0ns 420430388 312440 4.99904e+09
+2674001039.0ns 420742808 312420 4.99872e+09
+2674501039.0ns 421053808 311000 4.976e+09
+2675001039.0ns 421366248 312440 4.99904e+09
+2675501039.0ns 421678688 312440 4.99904e+09
+2676001039.0ns 421991108 312420 4.99872e+09
+2676501039.0ns 422302108 311000 4.976e+09
+2677001039.0ns 422614548 312440 4.99904e+09
+2677501039.0ns 422926988 312440 4.99904e+09
+2678001039.0ns 423239428 312440 4.99904e+09
+2678501039.0ns 423550408 310980 4.97568e+09
+2679001039.0ns 423862848 312440 4.99904e+09
+2679501039.0ns 424175288 312440 4.99904e+09
+2680001039.0ns 424487728 312440 4.99904e+09
+2680501039.0ns 424800148 312420 4.99872e+09
+2681001039.0ns 425111148 311000 4.976e+09
+2681501039.0ns 425423588 312440 4.99904e+09
+2682001039.0ns 425736028 312440 4.99904e+09
+2682501039.0ns 426048448 312420 4.99872e+09
+2683001039.0ns 426359448 311000 4.976e+09
+2683501039.0ns 426671888 312440 4.99904e+09
+2684001039.0ns 426984328 312440 4.99904e+09
+2684501039.0ns 427296748 312420 4.99872e+09
+2685001039.0ns 427607748 311000 4.976e+09
+2685501039.0ns 427920188 312440 4.99904e+09
+2686001039.0ns 428232628 312440 4.99904e+09
+2686501039.0ns 428545068 312440 4.99904e+09
+2687001039.0ns 428857488 312420 4.99872e+09
+2687501039.0ns 429168488 311000 4.976e+09
+2688001039.0ns 429480928 312440 4.99904e+09
+2688501039.0ns 429793368 312440 4.99904e+09
+2689001039.0ns 430105788 312420 4.99872e+09
+2689501039.0ns 430416788 311000 4.976e+09
+2690001039.0ns 430729228 312440 4.99904e+09
+2690501039.0ns 431041668 312440 4.99904e+09
+2691001039.0ns 431354088 312420 4.99872e+09
+2691501039.0ns 431665088 311000 4.976e+09
+2692001039.0ns 431977528 312440 4.99904e+09
+2692501039.0ns 432289968 312440 4.99904e+09
+2693001039.0ns 432602408 312440 4.99904e+09
+2693501039.0ns 432913388 310980 4.97568e+09
+2694001039.0ns 433225828 312440 4.99904e+09
+2694501039.0ns 433538268 312440 4.99904e+09
+2695001039.0ns 433850708 312440 4.99904e+09
+2695501039.0ns 434163128 312420 4.99872e+09
+2696001039.0ns 434474128 311000 4.976e+09
+2696501039.0ns 434786568 312440 4.99904e+09
+2697001039.0ns 435099008 312440 4.99904e+09
+2697501039.0ns 435411428 312420 4.99872e+09
+2698001039.0ns 435722428 311000 4.976e+09
+2698501039.0ns 436034868 312440 4.99904e+09
+2699001039.0ns 436347308 312440 4.99904e+09
+2699501039.0ns 436659728 312420 4.99872e+09
+2700001039.0ns 436970728 311000 4.976e+09
+2700501039.0ns 437283168 312440 4.99904e+09
+2701001039.0ns 437595608 312440 4.99904e+09
+2701501039.0ns 437908048 312440 4.99904e+09
+2702001039.0ns 438220468 312420 4.99872e+09
+2702501039.0ns 438531468 311000 4.976e+09
+2703001039.0ns 438843908 312440 4.99904e+09
+2703501039.0ns 439156348 312440 4.99904e+09
+2704001039.0ns 439468768 312420 4.99872e+09
+2704501039.0ns 439779768 311000 4.976e+09
+2705001039.0ns 440092208 312440 4.99904e+09
+2705501039.0ns 440404648 312440 4.99904e+09
+2706001039.0ns 440717068 312420 4.99872e+09
+2706501039.0ns 441028068 311000 4.976e+09
+2707001039.0ns 441340508 312440 4.99904e+09
+2707501039.0ns 441652948 312440 4.99904e+09
+2708001039.0ns 441965388 312440 4.99904e+09
+2708501039.0ns 442276368 310980 4.97568e+09
+2709001039.0ns 442588808 312440 4.99904e+09
+2709501039.0ns 442901248 312440 4.99904e+09
+2710001039.0ns 443213688 312440 4.99904e+09
+2710501039.0ns 443526108 312420 4.99872e+09
+2711001039.0ns 443837108 311000 4.976e+09
+2711501039.0ns 444149548 312440 4.99904e+09
+2712001039.0ns 444461988 312440 4.99904e+09
+2712501039.0ns 444774408 312420 4.99872e+09
+2713001039.0ns 445085408 311000 4.976e+09
+2713501039.0ns 445397848 312440 4.99904e+09
+2714001039.0ns 445710288 312440 4.99904e+09
+2714501039.0ns 446022708 312420 4.99872e+09
+2715001039.0ns 446333708 311000 4.976e+09
+2715501039.0ns 446646148 312440 4.99904e+09
+2716001039.0ns 446958588 312440 4.99904e+09
+2716501039.0ns 447271028 312440 4.99904e+09
+2717001039.0ns 447583448 312420 4.99872e+09
+2717501039.0ns 447894448 311000 4.976e+09
+2718001039.0ns 448206888 312440 4.99904e+09
+2718501039.0ns 448519328 312440 4.99904e+09
+2719001039.0ns 448831748 312420 4.99872e+09
+2719501039.0ns 449142748 311000 4.976e+09
+2720001039.0ns 449455188 312440 4.99904e+09
+2720501039.0ns 449767628 312440 4.99904e+09
+2721001039.0ns 450080048 312420 4.99872e+09
+2721501039.0ns 450391048 311000 4.976e+09
+2722001039.0ns 450703488 312440 4.99904e+09
+2722501039.0ns 451015928 312440 4.99904e+09
+2723001039.0ns 451328348 312420 4.99872e+09
+2723501039.0ns 451639348 311000 4.976e+09
+2724001039.0ns 451951788 312440 4.99904e+09
+2724501039.0ns 452264228 312440 4.99904e+09
+2725001039.0ns 452576668 312440 4.99904e+09
+2725501039.0ns 452889088 312420 4.99872e+09
+2726001039.0ns 453200088 311000 4.976e+09
+2726501039.0ns 453512528 312440 4.99904e+09
+2727001039.0ns 453824968 312440 4.99904e+09
+2727501039.0ns 454137388 312420 4.99872e+09
+2728001039.0ns 454448388 311000 4.976e+09
+2728501039.0ns 454760828 312440 4.99904e+09
+2729001039.0ns 455073268 312440 4.99904e+09
+2729501039.0ns 455385688 312420 4.99872e+09
+2730001039.0ns 455696688 311000 4.976e+09
+2730501039.0ns 456009128 312440 4.99904e+09
+2731001039.0ns 456321568 312440 4.99904e+09
+2731501039.0ns 456634008 312440 4.99904e+09
+2732001039.0ns 456946428 312420 4.99872e+09
+2732501039.0ns 457257428 311000 4.976e+09
+2733001039.0ns 457569868 312440 4.99904e+09
+2733501039.0ns 457882308 312440 4.99904e+09
+2734001039.0ns 458194728 312420 4.99872e+09
+2734501039.0ns 458505728 311000 4.976e+09
+2735001039.0ns 458818168 312440 4.99904e+09
+2735501039.0ns 459130608 312440 4.99904e+09
+2736001039.0ns 459443028 312420 4.99872e+09
+2736501039.0ns 459754028 311000 4.976e+09
+2737001039.0ns 460066468 312440 4.99904e+09
+2737501039.0ns 460378908 312440 4.99904e+09
+2738001039.0ns 460691328 312420 4.99872e+09
+2738501039.0ns 461002328 311000 4.976e+09
+2739001039.0ns 461314768 312440 4.99904e+09
+2739501039.0ns 461627208 312440 4.99904e+09
+2740001039.0ns 461939648 312440 4.99904e+09
+2740501039.0ns 462252068 312420 4.99872e+09
+2741001039.0ns 462563068 311000 4.976e+09
+2741501039.0ns 462875508 312440 4.99904e+09
+2742001039.0ns 463187948 312440 4.99904e+09
+2742501039.0ns 463500368 312420 4.99872e+09
+2743001039.0ns 463811368 311000 4.976e+09
+2743501039.0ns 464123808 312440 4.99904e+09
+2744001039.0ns 464436248 312440 4.99904e+09
+2744501039.0ns 464748668 312420 4.99872e+09
+2745001039.0ns 465059668 311000 4.976e+09
+2745501039.0ns 465372108 312440 4.99904e+09
+2746001039.0ns 465684548 312440 4.99904e+09
+2746501039.0ns 465996988 312440 4.99904e+09
+2747001039.0ns 466309408 312420 4.99872e+09
+2747501039.0ns 466620408 311000 4.976e+09
+2748001039.0ns 466932848 312440 4.99904e+09
+2748501039.0ns 467245288 312440 4.99904e+09
+2749001039.0ns 467557708 312420 4.99872e+09
+2749501039.0ns 467868708 311000 4.976e+09
+2750001039.0ns 468181148 312440 4.99904e+09
+2750501039.0ns 468493588 312440 4.99904e+09
+2751001039.0ns 468806008 312420 4.99872e+09
+2751501039.0ns 469117008 311000 4.976e+09
+2752001039.0ns 469429448 312440 4.99904e+09
+2752501039.0ns 469741888 312440 4.99904e+09
+2753001039.0ns 470054308 312420 4.99872e+09
+2753501039.0ns 470365308 311000 4.976e+09
+2754001039.0ns 470677748 312440 4.99904e+09
+2754501039.0ns 470990188 312440 4.99904e+09
+2755001039.0ns 471302628 312440 4.99904e+09
+2755501039.0ns 471615048 312420 4.99872e+09
+2756001039.0ns 471926048 311000 4.976e+09
+2756501039.0ns 472238488 312440 4.99904e+09
+2757001039.0ns 472550928 312440 4.99904e+09
+2757501039.0ns 472863348 312420 4.99872e+09
+2758001039.0ns 473174348 311000 4.976e+09
+2758501039.0ns 473486788 312440 4.99904e+09
+2759001039.0ns 473799228 312440 4.99904e+09
+2759501039.0ns 474111648 312420 4.99872e+09
+2760001039.0ns 474422648 311000 4.976e+09
+2760501039.0ns 474735088 312440 4.99904e+09
+2761001039.0ns 475047528 312440 4.99904e+09
+2761501039.0ns 475359968 312440 4.99904e+09
+2762001039.0ns 475672388 312420 4.99872e+09
+2762501039.0ns 475983388 311000 4.976e+09
+2763001039.0ns 476295828 312440 4.99904e+09
+2763501039.0ns 476608268 312440 4.99904e+09
+2764001039.0ns 476920688 312420 4.99872e+09
+2764501039.0ns 477231688 311000 4.976e+09
+2765001039.0ns 477544128 312440 4.99904e+09
+2765501039.0ns 477856568 312440 4.99904e+09
+2766001039.0ns 478168988 312420 4.99872e+09
+2766501039.0ns 478479988 311000 4.976e+09
+2767001039.0ns 478792428 312440 4.99904e+09
+2767501039.0ns 479104868 312440 4.99904e+09
+2768001039.0ns 479417288 312420 4.99872e+09
+2768501039.0ns 479728288 311000 4.976e+09
+2769001039.0ns 480040728 312440 4.99904e+09
+2769501039.0ns 480353168 312440 4.99904e+09
+2770001039.0ns 480665608 312440 4.99904e+09
+2770501039.0ns 480978028 312420 4.99872e+09
+2771001039.0ns 481289028 311000 4.976e+09
+2771501039.0ns 481601468 312440 4.99904e+09
+2772001039.0ns 481913908 312440 4.99904e+09
+2772501039.0ns 482226328 312420 4.99872e+09
+2773001039.0ns 482537328 311000 4.976e+09
+2773501039.0ns 482849768 312440 4.99904e+09
+2774001039.0ns 483162208 312440 4.99904e+09
+2774501039.0ns 483474628 312420 4.99872e+09
+2775001039.0ns 483785628 311000 4.976e+09
+2775501039.0ns 484098068 312440 4.99904e+09
+2776001039.0ns 484410508 312440 4.99904e+09
+2776501039.0ns 484722948 312440 4.99904e+09
+2777001039.0ns 485035368 312420 4.99872e+09
+2777501039.0ns 485346368 311000 4.976e+09
+2778001039.0ns 485658808 312440 4.99904e+09
+2778501039.0ns 485971248 312440 4.99904e+09
+2779001039.0ns 486283668 312420 4.99872e+09
+2779501039.0ns 486594668 311000 4.976e+09
+2780001039.0ns 486907108 312440 4.99904e+09
+2780501039.0ns 487219548 312440 4.99904e+09
+2781001039.0ns 487531968 312420 4.99872e+09
+2781501039.0ns 487842968 311000 4.976e+09
+2782001039.0ns 488155408 312440 4.99904e+09
+2782501039.0ns 488467848 312440 4.99904e+09
+2783001039.0ns 488780268 312420 4.99872e+09
+2783501039.0ns 489091268 311000 4.976e+09
+2784001039.0ns 489403708 312440 4.99904e+09
+2784501039.0ns 489716148 312440 4.99904e+09
+2785001039.0ns 490028588 312440 4.99904e+09
+2785501039.0ns 490341008 312420 4.99872e+09
+2786001039.0ns 490652008 311000 4.976e+09
+2786501039.0ns 490964448 312440 4.99904e+09
+2787001039.0ns 491276888 312440 4.99904e+09
+2787501039.0ns 491589308 312420 4.99872e+09
+2788001039.0ns 491900308 311000 4.976e+09
+2788501039.0ns 492212748 312440 4.99904e+09
+2789001039.0ns 492525188 312440 4.99904e+09
+2789501039.0ns 492837608 312420 4.99872e+09
+2790001039.0ns 493148608 311000 4.976e+09
+2790501039.0ns 493461048 312440 4.99904e+09
+2791001039.0ns 493773488 312440 4.99904e+09
+2791501039.0ns 494085928 312440 4.99904e+09
+2792001039.0ns 494398348 312420 4.99872e+09
+2792501039.0ns 494709348 311000 4.976e+09
+2793001039.0ns 495021788 312440 4.99904e+09
+2793501039.0ns 495334228 312440 4.99904e+09
+2794001039.0ns 495646648 312420 4.99872e+09
+2794501039.0ns 495957648 311000 4.976e+09
+2795001039.0ns 496270088 312440 4.99904e+09
+2795501039.0ns 496582528 312440 4.99904e+09
+2796001039.0ns 496894948 312420 4.99872e+09
+2796501039.0ns 497205948 311000 4.976e+09
+2797001039.0ns 497518388 312440 4.99904e+09
+2797501039.0ns 497830828 312440 4.99904e+09
+2798001039.0ns 498143248 312420 4.99872e+09
+2798501039.0ns 498454248 311000 4.976e+09
+2799001039.0ns 498766688 312440 4.99904e+09
+2799501039.0ns 499079128 312440 4.99904e+09
+2800001039.0ns 499391568 312440 4.99904e+09
+2800501039.0ns 499703988 312420 4.99872e+09
+2801001039.0ns 500014988 311000 4.976e+09
+2801501039.0ns 500327428 312440 4.99904e+09
+2802001039.0ns 500639868 312440 4.99904e+09
+2802501039.0ns 500952288 312420 4.99872e+09
+2803001039.0ns 501263288 311000 4.976e+09
+2803501039.0ns 501575728 312440 4.99904e+09
+2804001039.0ns 501888168 312440 4.99904e+09
+2804501039.0ns 502200588 312420 4.99872e+09
+2805001039.0ns 502511588 311000 4.976e+09
+2805501039.0ns 502824028 312440 4.99904e+09
+2806001039.0ns 503136468 312440 4.99904e+09
+2806501039.0ns 503448908 312440 4.99904e+09
+2807001039.0ns 503759888 310980 4.97568e+09
+2807501039.0ns 504072328 312440 4.99904e+09
+2808001039.0ns 504384768 312440 4.99904e+09
+2808501039.0ns 504697208 312440 4.99904e+09
+2809001039.0ns 505009628 312420 4.99872e+09
+2809501039.0ns 505320628 311000 4.976e+09
+2810001039.0ns 505633068 312440 4.99904e+09
+2810501039.0ns 505945508 312440 4.99904e+09
+2811001039.0ns 506257928 312420 4.99872e+09
+2811501039.0ns 506568928 311000 4.976e+09
+2812001039.0ns 506881368 312440 4.99904e+09
+2812501039.0ns 507193808 312440 4.99904e+09
+2813001039.0ns 507506228 312420 4.99872e+09
+2813501039.0ns 507817228 311000 4.976e+09
+2814001039.0ns 508129668 312440 4.99904e+09
+2814501039.0ns 508442108 312440 4.99904e+09
+2815001039.0ns 508754548 312440 4.99904e+09
+2815501039.0ns 509066968 312420 4.99872e+09
+2816001039.0ns 509377968 311000 4.976e+09
+2816501039.0ns 509690408 312440 4.99904e+09
+2817001039.0ns 510002848 312440 4.99904e+09
+2817501039.0ns 510315268 312420 4.99872e+09
+2818001039.0ns 510626268 311000 4.976e+09
+2818501039.0ns 510938708 312440 4.99904e+09
+2819001039.0ns 511251148 312440 4.99904e+09
+2819501039.0ns 511563568 312420 4.99872e+09
+2820001039.0ns 511874568 311000 4.976e+09
+2820501039.0ns 512187008 312440 4.99904e+09
+2821001039.0ns 512499448 312440 4.99904e+09
+2821501039.0ns 512811888 312440 4.99904e+09
+2822001039.0ns 513122868 310980 4.97568e+09
+2822501039.0ns 513435308 312440 4.99904e+09
+2823001039.0ns 513747748 312440 4.99904e+09
+2823501039.0ns 514060188 312440 4.99904e+09
+2824001039.0ns 514372608 312420 4.99872e+09
+2824501039.0ns 514683608 311000 4.976e+09
+2825001039.0ns 514996048 312440 4.99904e+09
+2825501039.0ns 515308488 312440 4.99904e+09
+2826001039.0ns 515620908 312420 4.99872e+09
+2826501039.0ns 515931908 311000 4.976e+09
+2827001039.0ns 516244348 312440 4.99904e+09
+2827501039.0ns 516556788 312440 4.99904e+09
+2828001039.0ns 516869208 312420 4.99872e+09
+2828501039.0ns 517180208 311000 4.976e+09
+2829001039.0ns 517492648 312440 4.99904e+09
+2829501039.0ns 517805088 312440 4.99904e+09
+2830001039.0ns 518117528 312440 4.99904e+09
+2830501039.0ns 518429948 312420 4.99872e+09
+2831001039.0ns 518740948 311000 4.976e+09
+2831501039.0ns 519053388 312440 4.99904e+09
+2832001039.0ns 519365828 312440 4.99904e+09
+2832501039.0ns 519678248 312420 4.99872e+09
+2833001039.0ns 519989248 311000 4.976e+09
+2833501039.0ns 520301688 312440 4.99904e+09
+2834001039.0ns 520614128 312440 4.99904e+09
+2834501039.0ns 520926548 312420 4.99872e+09
+2835001039.0ns 521237548 311000 4.976e+09
+2835501039.0ns 521549988 312440 4.99904e+09
+2836001039.0ns 521862428 312440 4.99904e+09
+2836501039.0ns 522174868 312440 4.99904e+09
+2837001039.0ns 522485848 310980 4.97568e+09
+2837501039.0ns 522798288 312440 4.99904e+09
+2838001039.0ns 523110728 312440 4.99904e+09
+2838501039.0ns 523423168 312440 4.99904e+09
+2839001039.0ns 523735588 312420 4.99872e+09
+2839501039.0ns 524046588 311000 4.976e+09
+2840001039.0ns 524359028 312440 4.99904e+09
+2840501039.0ns 524671468 312440 4.99904e+09
+2841001039.0ns 524983888 312420 4.99872e+09
+2841501039.0ns 525294888 311000 4.976e+09
+2842001039.0ns 525607328 312440 4.99904e+09
+2842501039.0ns 525919768 312440 4.99904e+09
+2843001039.0ns 526232188 312420 4.99872e+09
+2843501039.0ns 526543188 311000 4.976e+09
+2844001039.0ns 526855628 312440 4.99904e+09
+2844501039.0ns 527168068 312440 4.99904e+09
+2845001039.0ns 527480508 312440 4.99904e+09
+2845501039.0ns 527792928 312420 4.99872e+09
+2846001039.0ns 528103928 311000 4.976e+09
+2846501039.0ns 528416368 312440 4.99904e+09
+2847001039.0ns 528728808 312440 4.99904e+09
+2847501039.0ns 529041228 312420 4.99872e+09
+2848001039.0ns 529352228 311000 4.976e+09
+2848501039.0ns 529664668 312440 4.99904e+09
+2849001039.0ns 529977108 312440 4.99904e+09
+2849501039.0ns 530289528 312420 4.99872e+09
+2850001039.0ns 530600528 311000 4.976e+09
+2850501039.0ns 530912968 312440 4.99904e+09
+2851001039.0ns 531225408 312440 4.99904e+09
+2851501039.0ns 531537848 312440 4.99904e+09
+2852001039.0ns 531848828 310980 4.97568e+09
+2852501039.0ns 532161268 312440 4.99904e+09
+2853001039.0ns 532473708 312440 4.99904e+09
+2853501039.0ns 532786148 312440 4.99904e+09
+2854001039.0ns 533098568 312420 4.99872e+09
+2854501039.0ns 533409568 311000 4.976e+09
+2855001039.0ns 533722008 312440 4.99904e+09
+2855501039.0ns 534034448 312440 4.99904e+09
+2856001039.0ns 534346868 312420 4.99872e+09
+2856501039.0ns 534657868 311000 4.976e+09
+2857001039.0ns 534970308 312440 4.99904e+09
+2857501039.0ns 535282748 312440 4.99904e+09
+2858001039.0ns 535595168 312420 4.99872e+09
+2858501039.0ns 535906168 311000 4.976e+09
+2859001039.0ns 536218608 312440 4.99904e+09
+2859501039.0ns 536531048 312440 4.99904e+09
+2860001039.0ns 536843488 312440 4.99904e+09
+2860501039.0ns 537155908 312420 4.99872e+09
+2861001039.0ns 537466908 311000 4.976e+09
+2861501039.0ns 537779348 312440 4.99904e+09
+2862001039.0ns 538091788 312440 4.99904e+09
+2862501039.0ns 538404208 312420 4.99872e+09
+2863001039.0ns 538715208 311000 4.976e+09
+2863501039.0ns 539027648 312440 4.99904e+09
+2864001039.0ns 539340088 312440 4.99904e+09
+2864501039.0ns 539652508 312420 4.99872e+09
+2865001039.0ns 539963508 311000 4.976e+09
+2865501039.0ns 540275948 312440 4.99904e+09
+2866001039.0ns 540588388 312440 4.99904e+09
+2866501039.0ns 540900828 312440 4.99904e+09
+2867001039.0ns 541211808 310980 4.97568e+09
+2867501039.0ns 541524248 312440 4.99904e+09
+2868001039.0ns 541836688 312440 4.99904e+09
+2868501039.0ns 542149128 312440 4.99904e+09
+2869001039.0ns 542461548 312420 4.99872e+09
+2869501039.0ns 542772548 311000 4.976e+09
+2870001039.0ns 543084988 312440 4.99904e+09
+2870501039.0ns 543397428 312440 4.99904e+09
+2871001039.0ns 543709848 312420 4.99872e+09
+2871501039.0ns 544020848 311000 4.976e+09
+2872001039.0ns 544333288 312440 4.99904e+09
+2872501039.0ns 544645728 312440 4.99904e+09
+2873001039.0ns 544958148 312420 4.99872e+09
+2873501039.0ns 545269148 311000 4.976e+09
+2874001039.0ns 545581588 312440 4.99904e+09
+2874501039.0ns 545894028 312440 4.99904e+09
+2875001039.0ns 546206468 312440 4.99904e+09
+2875501039.0ns 546518888 312420 4.99872e+09
+2876001039.0ns 546829888 311000 4.976e+09
+2876501039.0ns 547142328 312440 4.99904e+09
+2877001039.0ns 547454768 312440 4.99904e+09
+2877501039.0ns 547767188 312420 4.99872e+09
+2878001039.0ns 548078188 311000 4.976e+09
+2878501039.0ns 548390628 312440 4.99904e+09
+2879001039.0ns 548703068 312440 4.99904e+09
+2879501039.0ns 549015488 312420 4.99872e+09
+2880001039.0ns 549326488 311000 4.976e+09
+2880501039.0ns 549638928 312440 4.99904e+09
+2881001039.0ns 549951368 312440 4.99904e+09
+2881501039.0ns 550263788 312420 4.99872e+09
+2882001039.0ns 550574788 311000 4.976e+09
+2882501039.0ns 550887228 312440 4.99904e+09
+2883001039.0ns 551199668 312440 4.99904e+09
+2883501039.0ns 551512108 312440 4.99904e+09
+2884001039.0ns 551824528 312420 4.99872e+09
+2884501039.0ns 552135528 311000 4.976e+09
+2885001039.0ns 552447968 312440 4.99904e+09
+2885501039.0ns 552760408 312440 4.99904e+09
+2886001039.0ns 553072828 312420 4.99872e+09
+2886501039.0ns 553383828 311000 4.976e+09
+2887001039.0ns 553696268 312440 4.99904e+09
+2887501039.0ns 554008708 312440 4.99904e+09
+2888001039.0ns 554321128 312420 4.99872e+09
+2888501039.0ns 554632128 311000 4.976e+09
+2889001039.0ns 554944568 312440 4.99904e+09
+2889501039.0ns 555257008 312440 4.99904e+09
+2890001039.0ns 555569448 312440 4.99904e+09
+2890501039.0ns 555881868 312420 4.99872e+09
+2891001039.0ns 556192868 311000 4.976e+09
+2891501039.0ns 556505308 312440 4.99904e+09
+2892001039.0ns 556817748 312440 4.99904e+09
+2892501039.0ns 557130168 312420 4.99872e+09
+2893001039.0ns 557441168 311000 4.976e+09
+2893501039.0ns 557753608 312440 4.99904e+09
+2894001039.0ns 558066048 312440 4.99904e+09
+2894501039.0ns 558378468 312420 4.99872e+09
+2895001039.0ns 558689468 311000 4.976e+09
+2895501039.0ns 559001908 312440 4.99904e+09
+2896001039.0ns 559314348 312440 4.99904e+09
+2896501039.0ns 559626768 312420 4.99872e+09
+2897001039.0ns 559937768 311000 4.976e+09
+2897501039.0ns 560250208 312440 4.99904e+09
+2898001039.0ns 560562648 312440 4.99904e+09
+2898501039.0ns 560875088 312440 4.99904e+09
+2899001039.0ns 561187508 312420 4.99872e+09
+2899501039.0ns 561498508 311000 4.976e+09
+2900001039.0ns 561810948 312440 4.99904e+09
+2900501039.0ns 562123388 312440 4.99904e+09
+2901001039.0ns 562435808 312420 4.99872e+09
+2901501039.0ns 562746808 311000 4.976e+09
+2902001039.0ns 563059248 312440 4.99904e+09
+2902501039.0ns 563371688 312440 4.99904e+09
+2903001039.0ns 563684108 312420 4.99872e+09
+2903501039.0ns 563995108 311000 4.976e+09
+2904001039.0ns 564307548 312440 4.99904e+09
+2904501039.0ns 564619988 312440 4.99904e+09
+2905001039.0ns 564932428 312440 4.99904e+09
+2905501039.0ns 565244848 312420 4.99872e+09
+2906001039.0ns 565555848 311000 4.976e+09
+2906501039.0ns 565868288 312440 4.99904e+09
+2907001039.0ns 566180728 312440 4.99904e+09
+2907501039.0ns 566493148 312420 4.99872e+09
+2908001039.0ns 566804148 311000 4.976e+09
+2908501039.0ns 567116588 312440 4.99904e+09
+2909001039.0ns 567429028 312440 4.99904e+09
+2909501039.0ns 567741448 312420 4.99872e+09
+2910001039.0ns 568052448 311000 4.976e+09
+2910501039.0ns 568364888 312440 4.99904e+09
+2911001039.0ns 568677328 312440 4.99904e+09
+2911501039.0ns 568989748 312420 4.99872e+09
+2912001039.0ns 569300748 311000 4.976e+09
+2912501039.0ns 569613188 312440 4.99904e+09
+2913001039.0ns 569925628 312440 4.99904e+09
+2913501039.0ns 570238068 312440 4.99904e+09
+2914001039.0ns 570550488 312420 4.99872e+09
+2914501039.0ns 570861488 311000 4.976e+09
+2915001039.0ns 571173928 312440 4.99904e+09
+2915501039.0ns 571486368 312440 4.99904e+09
+2916001039.0ns 571798788 312420 4.99872e+09
+2916501039.0ns 572109788 311000 4.976e+09
+2917001039.0ns 572422228 312440 4.99904e+09
+2917501039.0ns 572734668 312440 4.99904e+09
+2918001039.0ns 573047088 312420 4.99872e+09
+2918501039.0ns 573358088 311000 4.976e+09
+2919001039.0ns 573670528 312440 4.99904e+09
+2919501039.0ns 573982968 312440 4.99904e+09
+2920001039.0ns 574295408 312440 4.99904e+09
+2920501039.0ns 574607828 312420 4.99872e+09
+2921001039.0ns 574918828 311000 4.976e+09
+2921501039.0ns 575231268 312440 4.99904e+09
+2922001039.0ns 575543708 312440 4.99904e+09
+2922501039.0ns 575856128 312420 4.99872e+09
+2923001039.0ns 576167128 311000 4.976e+09
+2923501039.0ns 576479568 312440 4.99904e+09
+2924001039.0ns 576792008 312440 4.99904e+09
+2924501039.0ns 577104428 312420 4.99872e+09
+2925001039.0ns 577415428 311000 4.976e+09
+2925501039.0ns 577727868 312440 4.99904e+09
+2926001039.0ns 578040308 312440 4.99904e+09
+2926501039.0ns 578352728 312420 4.99872e+09
+2927001039.0ns 578663728 311000 4.976e+09
+2927501039.0ns 578976168 312440 4.99904e+09
+2928001039.0ns 579288608 312440 4.99904e+09
+2928501039.0ns 579601048 312440 4.99904e+09
+2929001039.0ns 579913468 312420 4.99872e+09
+2929501039.0ns 580224468 311000 4.976e+09
+2930001039.0ns 580536908 312440 4.99904e+09
+2930501039.0ns 580849348 312440 4.99904e+09
+2931001039.0ns 581161768 312420 4.99872e+09
+2931501039.0ns 581472768 311000 4.976e+09
+2932001039.0ns 581785208 312440 4.99904e+09
+2932501039.0ns 582097648 312440 4.99904e+09
+2933001039.0ns 582410068 312420 4.99872e+09
+2933501039.0ns 582721068 311000 4.976e+09
+2934001039.0ns 583033508 312440 4.99904e+09
+2934501039.0ns 583345948 312440 4.99904e+09
+2935001039.0ns 583658388 312440 4.99904e+09
+2935501039.0ns 583970808 312420 4.99872e+09
+2936001039.0ns 584281808 311000 4.976e+09
+2936501039.0ns 584594248 312440 4.99904e+09
+2937001039.0ns 584906688 312440 4.99904e+09
+2937501039.0ns 585219108 312420 4.99872e+09
+2938001039.0ns 585530108 311000 4.976e+09
+2938501039.0ns 585842548 312440 4.99904e+09
+2939001039.0ns 586154988 312440 4.99904e+09
+2939501039.0ns 586467408 312420 4.99872e+09
+2940001039.0ns 586778408 311000 4.976e+09
+2940501039.0ns 587090848 312440 4.99904e+09
+2941001039.0ns 587403288 312440 4.99904e+09
+2941501039.0ns 587715708 312420 4.99872e+09
+2942001039.0ns 588026708 311000 4.976e+09
+2942501039.0ns 588339148 312440 4.99904e+09
+2943001039.0ns 588651588 312440 4.99904e+09
+2943501039.0ns 588964028 312440 4.99904e+09
+2944001039.0ns 589276448 312420 4.99872e+09
+2944501039.0ns 589587448 311000 4.976e+09
+2945001039.0ns 589899888 312440 4.99904e+09
+2945501039.0ns 590212328 312440 4.99904e+09
+2946001039.0ns 590524748 312420 4.99872e+09
+2946501039.0ns 590835748 311000 4.976e+09
+2947001039.0ns 591148188 312440 4.99904e+09
+2947501039.0ns 591460628 312440 4.99904e+09
+2948001039.0ns 591773048 312420 4.99872e+09
+2948501039.0ns 592084048 311000 4.976e+09
+2949001039.0ns 592396488 312440 4.99904e+09
+2949501039.0ns 592708928 312440 4.99904e+09
+2950001039.0ns 593021368 312440 4.99904e+09
+2950501039.0ns 593333788 312420 4.99872e+09
+2951001039.0ns 593644788 311000 4.976e+09
+2951501039.0ns 593957228 312440 4.99904e+09
+2952001039.0ns 594269668 312440 4.99904e+09
+2952501039.0ns 594582088 312420 4.99872e+09
+2953001039.0ns 594893088 311000 4.976e+09
+2953501039.0ns 595205528 312440 4.99904e+09
+2954001039.0ns 595517968 312440 4.99904e+09
+2954501039.0ns 595830388 312420 4.99872e+09
+2955001039.0ns 596141388 311000 4.976e+09
+2955501039.0ns 596453828 312440 4.99904e+09
+2956001039.0ns 596766268 312440 4.99904e+09
+2956501039.0ns 597078688 312420 4.99872e+09
+2957001039.0ns 597389688 311000 4.976e+09
+2957501039.0ns 597702128 312440 4.99904e+09
+2958001039.0ns 598014568 312440 4.99904e+09
+2958501039.0ns 598327008 312440 4.99904e+09
+2959001039.0ns 598639428 312420 4.99872e+09
+2959501039.0ns 598950428 311000 4.976e+09
+2960001039.0ns 599262868 312440 4.99904e+09
+2960501039.0ns 599575308 312440 4.99904e+09
+2961001039.0ns 599887728 312420 4.99872e+09
+2961501039.0ns 600198728 311000 4.976e+09
+2962001039.0ns 600511168 312440 4.99904e+09
+2962501039.0ns 600823608 312440 4.99904e+09
+2963001039.0ns 601136028 312420 4.99872e+09
+2963501039.0ns 601447028 311000 4.976e+09
+2964001039.0ns 601759468 312440 4.99904e+09
+2964501039.0ns 602071908 312440 4.99904e+09
+2965001039.0ns 602384348 312440 4.99904e+09
+2965501039.0ns 602696768 312420 4.99872e+09
+2966001039.0ns 603007768 311000 4.976e+09
+2966501039.0ns 603320208 312440 4.99904e+09
+2967001039.0ns 603632648 312440 4.99904e+09
+2967501039.0ns 603945068 312420 4.99872e+09
+2968001039.0ns 604256068 311000 4.976e+09
+2968501039.0ns 604568508 312440 4.99904e+09
+2969001039.0ns 604880948 312440 4.99904e+09
+2969501039.0ns 605193368 312420 4.99872e+09
+2970001039.0ns 605504368 311000 4.976e+09
+2970501039.0ns 605816808 312440 4.99904e+09
+2971001039.0ns 606129248 312440 4.99904e+09
+2971501039.0ns 606441668 312420 4.99872e+09
+2972001039.0ns 606752668 311000 4.976e+09
+2972501039.0ns 607065108 312440 4.99904e+09
+2973001039.0ns 607377548 312440 4.99904e+09
+2973501039.0ns 607689988 312440 4.99904e+09
+2974001039.0ns 608002408 312420 4.99872e+09
+2974501039.0ns 608313408 311000 4.976e+09
+2975001039.0ns 608625848 312440 4.99904e+09
+2975501039.0ns 608938288 312440 4.99904e+09
+2976001039.0ns 609250708 312420 4.99872e+09
+2976501039.0ns 609561708 311000 4.976e+09
+2977001039.0ns 609874148 312440 4.99904e+09
+2977501039.0ns 610186588 312440 4.99904e+09
+2978001039.0ns 610499008 312420 4.99872e+09
+2978501039.0ns 610810008 311000 4.976e+09
+2979001039.0ns 611122448 312440 4.99904e+09
+2979501039.0ns 611434888 312440 4.99904e+09
+2980001039.0ns 611747328 312440 4.99904e+09
+2980501039.0ns 612058308 310980 4.97568e+09
+2981001039.0ns 612370748 312440 4.99904e+09
+2981501039.0ns 612683188 312440 4.99904e+09
+2982001039.0ns 612995628 312440 4.99904e+09
+2982501039.0ns 613308048 312420 4.99872e+09
+2983001039.0ns 613619048 311000 4.976e+09
+2983501039.0ns 613931488 312440 4.99904e+09
+2984001039.0ns 614243928 312440 4.99904e+09
+2984501039.0ns 614556348 312420 4.99872e+09
+2985001039.0ns 614867348 311000 4.976e+09
+2985501039.0ns 615179788 312440 4.99904e+09
+2986001039.0ns 615492228 312440 4.99904e+09
+2986501039.0ns 615804648 312420 4.99872e+09
+2987001039.0ns 616115648 311000 4.976e+09
+2987501039.0ns 616428088 312440 4.99904e+09
+2988001039.0ns 616740528 312440 4.99904e+09
+2988501039.0ns 617052968 312440 4.99904e+09
+2989001039.0ns 617365388 312420 4.99872e+09
+2989501039.0ns 617676388 311000 4.976e+09
+2990001039.0ns 617988828 312440 4.99904e+09
+2990501039.0ns 618301268 312440 4.99904e+09
+2991001039.0ns 618613688 312420 4.99872e+09
+2991501039.0ns 618924688 311000 4.976e+09
+2992001039.0ns 619237128 312440 4.99904e+09
+2992501039.0ns 619549568 312440 4.99904e+09
+2993001039.0ns 619861988 312420 4.99872e+09
+2993501039.0ns 620172988 311000 4.976e+09
+2994001039.0ns 620485428 312440 4.99904e+09
+2994501039.0ns 620797868 312440 4.99904e+09
+2995001039.0ns 621110308 312440 4.99904e+09
+2995501039.0ns 621421288 310980 4.97568e+09
+2996001039.0ns 621733728 312440 4.99904e+09
+2996501039.0ns 622046168 312440 4.99904e+09
+2997001039.0ns 622358608 312440 4.99904e+09
+2997501039.0ns 622671028 312420 4.99872e+09
+2998001039.0ns 622982028 311000 4.976e+09
+2998501039.0ns 623294468 312440 4.99904e+09
+2999001039.0ns 623606908 312440 4.99904e+09
+2999501039.0ns 623919328 312420 4.99872e+09
+3000001039.0ns 624230328 311000 4.976e+09
+3000501039.0ns 624542768 312440 4.99904e+09
+3001001039.0ns 624855208 312440 4.99904e+09
+3001501039.0ns 625167628 312420 4.99872e+09
+3002001039.0ns 625478628 311000 4.976e+09
+3002501039.0ns 625791068 312440 4.99904e+09
+3003001039.0ns 626103508 312440 4.99904e+09
+3003501039.0ns 626415948 312440 4.99904e+09
+3004001039.0ns 626728368 312420 4.99872e+09
+3004501039.0ns 627039368 311000 4.976e+09
+3005001039.0ns 627351808 312440 4.99904e+09
+3005501039.0ns 627664248 312440 4.99904e+09
+3006001039.0ns 627976668 312420 4.99872e+09
+3006501039.0ns 628287668 311000 4.976e+09
+3007001039.0ns 628600108 312440 4.99904e+09
+3007501039.0ns 628912548 312440 4.99904e+09
+3008001039.0ns 629224968 312420 4.99872e+09
+3008501039.0ns 629535968 311000 4.976e+09
+3009001039.0ns 629848408 312440 4.99904e+09
+3009501039.0ns 630160848 312440 4.99904e+09
